# time 	Minimum 	Maximum 	Average
121.0 	-0.148148 	123.45 	5.80529
122.0 	-0.155311 	123.31 	5.81343
123.0 	-0.141888 	123.189 	5.82084
124.0 	-0.155629 	123.068 	5.82807
125.0 	-0.129769 	122.956 	5.83483
126.0 	-0.155958 	122.839 	5.84171
127.0 	-0.121152 	122.728 	5.84804
128.0 	-0.210997 	122.611 	5.85436
129.0 	-0.124811 	122.498 	5.86001
130.0 	-0.143647 	122.38 	5.86566
131.0 	-0.154459 	122.264 	5.87072
132.0 	-0.142063 	122.144 	5.8756
133.0 	-0.154388 	122.024 	5.88013
134.0 	-0.152178 	121.901 	5.8845
135.0 	-0.152949 	121.779 	5.88848
136.0 	-0.152255 	121.653 	5.89233
137.0 	-0.154447 	121.53 	5.89599
138.0 	-0.154253 	121.405 	5.89965
139.0 	-0.154832 	121.282 	5.90306
140.0 	-0.156036 	121.16 	5.9063
141.0 	-0.154674 	121.041 	5.90909
142.0 	-0.159943 	120.923 	5.91178
143.0 	-0.151883 	120.81 	5.91395
144.0 	-0.159972 	120.699 	5.91582
145.0 	-0.146785 	120.592 	5.91725
146.0 	-0.15307 	120.489 	5.91839
147.0 	-0.147737 	120.388 	5.91926
148.0 	-0.143191 	120.291 	5.91974
149.0 	-0.146769 	120.196 	5.91994
150.0 	-0.135828 	120.102 	5.92003
151.0 	-0.145841 	120.01 	5.91988
152.0 	-0.125568 	119.918 	5.91952
153.0 	-0.132924 	119.827 	5.919
154.0 	-0.115809 	119.735 	5.91809
155.0 	-0.118549 	119.644 	5.91721
156.0 	-0.101097 	119.552 	5.91611
157.0 	-0.109606 	119.459 	5.91497
158.0 	-0.0828356 	119.366 	5.91361
159.0 	-0.0941517 	119.272 	5.91211
160.0 	-0.0518119 	119.179 	5.9101
161.0 	-0.0573941 	119.084 	5.90809
162.0 	-0.024276 	118.99 	5.9057
163.0 	-0.0167129 	118.896 	5.90326
197.0 	-0.0533804 	115.455 	5.72662
198.0 	-0.0562864 	115.342 	5.71934
199.0 	-0.00632392 	115.229 	5.71208
200.0 	-0.00833776 	115.114 	5.70473
201.0 	-0.00775917 	115 	5.69738
202.0 	-0.00840721 	114.884 	5.68989
203.0 	-0.00724472 	114.768 	5.68244
204.0 	-0.00846518 	114.651 	5.6748
205.0 	-0.00784537 	114.534 	5.66715
206.0 	-0.00862802 	114.416 	5.65933
207.0 	-0.00755449 	114.298 	5.65147
208.0 	-0.00873487 	114.178 	5.6435
209.0 	-0.00811961 	114.059 	5.63549
210.0 	-0.00892992 	113.938 	5.62745
211.0 	-0.00800519 	113.818 	5.61927
212.0 	-0.00905323 	113.696 	5.61114
213.0 	-0.00824787 	113.575 	5.6029
214.0 	-0.00901379 	113.452 	5.59459
215.0 	-0.00739559 	113.332 	5.5862
216.0 	-0.00861813 	113.208 	5.57784
217.0 	-0.00730066 	113.089 	5.56938
218.0 	-0.00758635 	112.963 	5.56096
219.0 	-0.00606961 	112.843 	5.55241
220.0 	-0.00798983 	112.716 	5.54392
221.0 	-0.00653218 	112.595 	5.53533
222.0 	-0.00763311 	112.466 	5.52672
223.0 	-0.00623065 	112.344 	5.51796
224.0 	-0.008318 	112.214 	5.50921
225.0 	-0.00564483 	112.091 	5.50042
226.0 	-0.00828009 	111.959 	5.49164
227.0 	-0.00660529 	111.834 	5.48274
228.0 	-0.00849224 	111.701 	5.4739
229.0 	-0.00564274 	111.574 	5.46496
230.0 	-0.00870656 	111.44 	5.4561
231.0 	-0.00605473 	111.313 	5.44709
232.0 	-0.00872674 	111.177 	5.43812
233.0 	-0.00472959 	111.049 	5.42903
234.0 	-0.00850429 	110.912 	5.42005
235.0 	-0.00433076 	110.783 	5.41092
237.0 	-0.00181069 	110.516 	5.39276
238.0 	-0.00843798 	110.377 	5.38379
239.0 	-0.00840051 	110.246 	5.37461
240.0 	-0.0090878 	110.107 	5.36561
241.0 	-0.00860211 	109.975 	5.35644
242.0 	-0.0095009 	109.835 	5.34745
243.0 	-0.00893126 	109.703 	5.33819
244.0 	-0.00997866 	109.562 	5.32913
245.0 	-0.00920107 	109.43 	5.31987
246.0 	-0.0103813 	109.287 	5.31084
247.0 	-0.00968257 	109.155 	5.30151
248.0 	-0.0106881 	109.012 	5.29243
249.0 	-0.00965261 	108.879 	5.28313
250.0 	-0.0110553 	108.736 	5.27412
251.0 	-0.01031 	108.603 	5.26481
252.0 	-0.0116049 	108.459 	5.25583
253.0 	-0.0099679 	108.326 	5.24656
254.0 	-0.0117732 	108.181 	5.23762
255.0 	-0.00990361 	108.048 	5.22832
256.0 	-0.0111007 	107.904 	5.21938
257.0 	-0.00925354 	107.77 	5.21011
258.0 	-0.0117561 	107.625 	5.20122
259.0 	-0.00984081 	107.492 	5.1919
260.0 	-0.0125478 	107.347 	5.183
261.0 	-0.0101091 	107.213 	5.17375
262.0 	-0.0132697 	107.067 	5.16493
263.0 	-0.0101149 	106.934 	5.15565
264.0 	-0.0139682 	106.788 	5.14682
265.0 	-0.0105766 	106.654 	5.1376
266.0 	-0.0144221 	106.508 	5.12881
267.0 	-0.0107195 	106.374 	5.11952
268.0 	-0.0145809 	106.228 	5.11076
269.0 	-0.0108507 	106.094 	5.10159
270.0 	-0.014955 	105.948 	5.09289
271.0 	-0.00958166 	105.815 	5.08369
272.0 	-0.0154538 	105.668 	5.07502
273.0 	-0.00985841 	105.535 	5.06588
274.0 	-0.0149261 	105.389 	5.05728
275.0 	-0.00800066 	105.26 	5.04811
276.0 	-0.0144277 	105.115 	5.03949
277.0 	-0.00760519 	104.986 	5.03039
278.0 	-0.0124892 	104.841 	5.02187
279.0 	-0.00385742 	104.713 	5.01273
