# time 	Minimum 	Maximum 	Average
121.0 	-0.337623 	1999.29 	34.0162
122.0 	-0.368573 	1997.37 	33.8669
123.0 	-0.326164 	1995.02 	33.7114
124.0 	-0.388917 	1993.03 	33.559
125.0 	-0.309371 	1990.55 	33.4015
126.0 	-0.371031 	1988.51 	33.2491
127.0 	-0.342527 	1986.03 	33.0918
128.0 	-0.428989 	1983.84 	32.9395
129.0 	-0.334742 	1981.19 	32.7822
130.0 	-0.314344 	1978.99 	32.6307
131.0 	-0.317623 	1976.32 	32.4751
132.0 	-0.325719 	1973.96 	32.3242
133.0 	-0.31199 	1971.07 	32.1679
134.0 	-0.299062 	1968.61 	32.0174
135.0 	-0.328497 	1965.71 	31.863
136.0 	-0.294309 	1963.16 	31.7131
137.0 	-0.33669 	1960.1 	31.5577
138.0 	-0.307464 	1957.51 	31.4092
139.0 	-0.3437 	1954.53 	31.2567
140.0 	-0.298192 	1951.94 	31.1098
141.0 	-0.346942 	1948.86 	30.959
142.0 	-0.302552 	1946.3 	30.8129
143.0 	-0.345554 	1943.35 	30.6638
144.0 	-0.285118 	1940.85 	30.5181
145.0 	-0.353954 	1937.91 	30.369
146.0 	-0.291321 	1935.54 	30.224
147.0 	-0.347199 	1932.84 	30.0762
148.0 	-0.304838 	1930.62 	29.932
149.0 	-0.336618 	1927.95 	29.7846
150.0 	-0.286371 	1925.85 	29.6408
151.0 	-0.3162 	1923.39 	29.4953
152.0 	-0.293039 	1921.38 	29.3521
153.0 	-0.28381 	1918.89 	29.2081
154.0 	-0.26341 	1916.91 	29.0664
155.0 	-0.27114 	1914.52 	28.9244
156.0 	-0.23038 	1912.5 	28.7833
157.0 	-0.248486 	1909.97 	28.6427
158.0 	-0.182087 	1907.91 	28.5027
159.0 	-0.222581 	1905.43 	28.3641
160.0 	-0.152881 	1903.31 	28.2254
161.0 	-0.166532 	1900.69 	28.0876
162.0 	-0.120092 	1898.56 	27.95
163.0 	-0.118144 	1896.06 	27.814
164.0 	-0.0321094 	1893.94 	27.6781
172.0 	-0.0267393 	1875.68 	26.6186
198.0 	-0.0290735 	1813.12 	23.4957
199.0 	-0.00496043 	1810.6 	23.3863
200.0 	-0.0486114 	1808.24 	23.2775
201.0 	-0.00453447 	1805.52 	23.169
202.0 	-0.00732662 	1803.17 	23.0621
203.0 	-0.00638783 	1800.58 	22.9555
204.0 	-0.00729933 	1798.21 	22.8501
205.0 	-0.00604894 	1795.5 	22.7446
206.0 	-0.00747885 	1793.16 	22.6411
207.0 	-0.00610217 	1790.57 	22.5375
208.0 	-0.00778749 	1788.18 	22.4354
209.0 	-0.00624243 	1785.46 	22.3329
210.0 	-0.00781551 	1783.11 	22.2327
211.0 	-0.00628809 	1780.55 	22.132
212.0 	-0.00811835 	1778.17 	22.0331
213.0 	-0.00587477 	1775.45 	21.9336
214.0 	-0.00831131 	1773.09 	21.8365
215.0 	-0.00620299 	1770.56 	21.7389
216.0 	-0.00826725 	1768.17 	21.6431
217.0 	-0.00600517 	1765.47 	21.5466
218.0 	-0.008657 	1763.09 	21.4525
219.0 	-0.00520766 	1760.52 	21.3578
220.0 	-0.00820608 	1758.13 	21.2649
221.0 	-0.00488304 	1755.44 	21.1714
222.0 	-0.00873992 	1753.08 	21.08
223.0 	-0.00439635 	1750.54 	20.9881
224.0 	-0.00894653 	1748.13 	20.8979
225.0 	-0.00418692 	1745.43 	20.8071
226.0 	-0.00872747 	1743.05 	20.7186
227.0 	-0.00399448 	1740.51 	20.6295
228.0 	-0.00916493 	1738.09 	20.542
229.0 	-0.00291069 	1735.39 	20.4538
230.0 	-0.00934947 	1732.98 	20.3678
231.0 	-0.00234177 	1730.4 	20.2814
232.0 	-0.00898521 	1727.96 	20.1967
233.0 	-0.00171037 	1725.27 	20.1113
234.0 	-0.00918523 	1722.89 	20.0283
236.0 	-0.000533879 	1718.01 	19.8627
237.0 	-0.00138556 	1715.38 	19.7802
238.0 	-0.00546943 	1712.98 	19.6998
239.0 	-0.00611921 	1710.43 	19.619
240.0 	-0.00705775 	1708.07 	19.5397
241.0 	-0.00684615 	1705.49 	19.4599
242.0 	-0.00771493 	1703.16 	19.3823
243.0 	-0.00677131 	1700.65 	19.3042
244.0 	-0.00842639 	1698.32 	19.2277
245.0 	-0.00779246 	1695.79 	19.1505
246.0 	-0.00886324 	1693.5 	19.0757
247.0 	-0.00769846 	1691.05 	19.0001
248.0 	-0.00963528 	1688.76 	18.9263
249.0 	-0.00819211 	1686.27 	18.8517
250.0 	-0.0100702 	1684.02 	18.7793
251.0 	-0.00815635 	1681.62 	18.7062
252.0 	-0.0109127 	1679.37 	18.6349
253.0 	-0.00865834 	1676.92 	18.5627
254.0 	-0.0113923 	1674.72 	18.4929
255.0 	-0.0087567 	1672.38 	18.4224
256.0 	-0.0121147 	1670.16 	18.3536
257.0 	-0.00847387 	1667.75 	18.2841
258.0 	-0.0125406 	1665.58 	18.2169
259.0 	-0.00786821 	1663.32 	18.1487
260.0 	-0.0127596 	1661.16 	18.0826
261.0 	-0.0070065 	1658.82 	18.0154
262.0 	-0.013107 	1656.69 	17.9505
263.0 	-0.00649229 	1654.47 	17.8847
264.0 	-0.0142801 	1652.36 	17.8208
265.0 	-0.00781571 	1650.08 	17.756
266.0 	-0.0149698 	1648.01 	17.6934
267.0 	-0.00624185 	1645.86 	17.6299
268.0 	-0.01584 	1643.8 	17.5683
269.0 	-0.00710444 	1641.59 	17.5056
270.0 	-0.0164676 	1639.58 	17.4452
271.0 	-0.00652763 	1637.49 	17.384
272.0 	-0.0173334 	1635.5 	17.3246
273.0 	-0.004769 	1633.36 	17.2642
274.0 	-0.018006 	1631.42 	17.2061
275.0 	-0.00432819 	1629.41 	17.147
276.0 	-0.0181215 	1627.48 	17.0898
277.0 	-0.00122553 	1625.4 	17.0315
278.0 	-0.0187912 	1623.5 	16.9755
281.0 	-0.00130886 	1617.58 	16.8071
282.0 	-0.0170078 	1615.73 	16.7532
283.0 	-0.0106395 	1613.82 	16.6982
284.0 	-0.0154068 	1611.99 	16.6451
285.0 	-0.00998865 	1610.03 	16.5909
286.0 	-0.00975421 	1608.25 	16.539
287.0 	-0.0118969 	1606.39 	16.486
288.0 	-0.00873856 	1604.62 	16.4349
289.0 	-0.0113378 	1602.73 	16.3826
290.0 	-0.00684376 	1601.01 	16.3327
291.0 	-0.0117184 	1599.24 	16.2816
292.0 	-0.00532571 	1597.55 	16.2325
293.0 	-0.011041 	1595.73 	16.1821
294.0 	-0.00312123 	1594.06 	16.1341
295.0 	-0.0107371 	1592.32 	16.0849
296.0 	-0.00121602 	1590.69 	16.0377
297.0 	-0.00913378 	1588.93 	15.9892
