# time 	Local 	Global 	Cumulative
121.0 	0.000378094 	-4.3764e-05 	0.0305429
122.0 	0.000326704 	3.95106e-05 	0.0305824
123.0 	0.000316499 	6.37679e-05 	0.0306462
124.0 	0.000319042 	5.93187e-05 	0.0307055
125.0 	0.000300839 	5.34463e-05 	0.030759
126.0 	0.000270391 	-1.8367e-05 	0.0307406
127.0 	0.000347479 	-1.89744e-06 	0.0307387
128.0 	0.000282121 	1.58248e-05 	0.0307545
129.0 	0.000274539 	-2.3216e-05 	0.0307313
130.0 	0.000279153 	1.99057e-05 	0.0307512
131.0 	0.00031799 	-3.73581e-05 	0.0307139
132.0 	0.000268926 	3.72168e-05 	0.0307511
133.0 	0.00026858 	5.65573e-05 	0.0308076
134.0 	0.000269196 	5.47632e-05 	0.0308624
135.0 	0.000252935 	4.82384e-05 	0.0309106
136.0 	0.000236132 	-1.99641e-05 	0.0308907
137.0 	0.000269457 	1.63659e-06 	0.0308923
138.0 	0.000242255 	1.56219e-05 	0.0309079
139.0 	0.000260074 	-2.60856e-05 	0.0308819
140.0 	0.000231998 	2.26218e-05 	0.0309045
141.0 	0.000294982 	-3.2522e-05 	0.030872
142.0 	0.000228914 	4.10803e-05 	0.030913
143.0 	0.000233366 	5.12189e-05 	0.0309643
144.0 	0.000228889 	4.5552e-05 	0.0310098
145.0 	0.000214183 	4.41729e-05 	0.031054
146.0 	0.000190659 	-1.58789e-05 	0.0310381
147.0 	0.000229492 	3.79237e-06 	0.0310419
148.0 	0.000201436 	1.91481e-05 	0.031061
149.0 	0.000261684 	-2.81172e-05 	0.0310329
150.0 	0.000210054 	-2.88829e-05 	0.031004
151.0 	0.000187181 	1.99835e-05 	0.031024
152.0 	0.000193091 	4.50285e-05 	0.0310691
153.0 	0.000196239 	4.5176e-05 	0.0311142
154.0 	0.000182524 	3.9895e-05 	0.0311541
155.0 	0.000172634 	-1.76758e-05 	0.0311364
156.0 	0.000198685 	3.21874e-06 	0.0311397
157.0 	0.000161186 	-5.97181e-06 	0.0311337
158.0 	0.000166993 	2.19881e-05 	0.0311557
159.0 	0.000173496 	4.0895e-05 	0.0311966
160.0 	0.000179816 	4.31031e-05 	0.0312397
161.0 	0.000171598 	3.9763e-05 	0.0312794
162.0 	0.000162022 	3.56802e-05 	0.0313151
163.0 	0.000164391 	-1.90134e-05 	0.0312961
164.0 	0.000178111 	4.16906e-06 	0.0313003
165.0 	0.00016958 	-1.31266e-05 	0.0312872
166.0 	0.00015225 	2.23491e-05 	0.0313095
167.0 	0.000160205 	3.78982e-05 	0.0313474
168.0 	0.000165404 	4.08155e-05 	0.0313882
169.0 	0.000157054 	3.77464e-05 	0.031426
170.0 	0.000142685 	-1.25125e-05 	0.0314135
171.0 	0.000168313 	5.10453e-06 	0.0314186
172.0 	0.000163116 	-5.87181e-06 	0.0314127
173.0 	0.000138218 	-1.24992e-05 	0.0314002
174.0 	0.000140083 	1.68457e-05 	0.031417
175.0 	0.000148094 	3.532e-05 	0.0314523
176.0 	0.000156443 	3.95551e-05 	0.0314919
177.0 	0.00014999 	3.75042e-05 	0.0315294
178.0 	0.000138312 	-1.17803e-05 	0.0315176
179.0 	0.000158289 	-2.39537e-06 	0.0315152
180.0 	0.000156974 	7.95466e-06 	0.0315232
181.0 	0.000181063 	-1.45312e-05 	0.0315087
182.0 	0.000146547 	-2.06267e-05 	0.031488
183.0 	0.000133095 	1.28374e-05 	0.0315009
184.0 	0.000136573 	3.1799e-05 	0.0315327
185.0 	0.000144636 	3.61718e-05 	0.0315688
186.0 	0.000137515 	3.36592e-05 	0.0316025
187.0 	0.000130899 	-1.41126e-05 	0.0315884
188.0 	0.000145303 	-2.97207e-06 	0.0315854
189.0 	0.000143428 	-1.47371e-06 	0.0315839
190.0 	0.000154412 	-1.26323e-05 	0.0315713
191.0 	0.000146047 	-2.13894e-05 	0.0315499
192.0 	0.000118746 	1.83728e-05 	0.0315683
193.0 	0.000132983 	3.22271e-05 	0.0316005
194.0 	0.000135436 	3.45252e-05 	0.031635
195.0 	0.000126066 	3.08823e-05 	0.0316659
196.0 	0.000124649 	-1.54758e-05 	0.0316504
197.0 	0.000150522 	-2.0297e-06 	0.0316484
198.0 	0.000133508 	-5.15619e-06 	0.0316433
199.0 	0.000146215 	-1.63161e-05 	0.0316269
200.0 	0.000138139 	-2.28753e-05 	0.0316041
201.0 	0.00011206 	-1.24121e-05 	0.0315917
202.0 	0.000142368 	-1.29603e-05 	0.0315787
203.0 	0.000148087 	-1.90392e-05 	0.0315597
204.0 	0.00013191 	-1.99159e-05 	0.0315397
205.0 	0.0001175 	-1.46005e-05 	0.0315251
206.0 	0.000131911 	-1.41669e-05 	0.031511
207.0 	0.000136607 	-1.7537e-05 	0.0314934
208.0 	0.000132447 	-1.95382e-05 	0.0314739
209.0 	0.000126525 	-1.87605e-05 	0.0314551
210.0 	0.00012784 	-1.77438e-05 	0.0314374
211.0 	0.00013038 	-1.84485e-05 	0.0314189
212.0 	0.000129128 	-1.90967e-05 	0.0313999
213.0 	0.000125756 	-1.90141e-05 	0.0313808
214.0 	0.000124156 	-1.85101e-05 	0.0313623
215.0 	0.000123027 	-1.83282e-05 	0.031344
216.0 	0.00012153 	-1.83136e-05 	0.0313257
217.0 	0.000120542 	-1.83191e-05 	0.0313074
218.0 	0.000119398 	-1.84038e-05 	0.031289
219.0 	0.000117926 	-1.8452e-05 	0.0312705
220.0 	0.000116109 	-1.83515e-05 	0.0312522
221.0 	0.000115578 	-1.82683e-05 	0.0312339
222.0 	9.54812e-05 	-1.36722e-05 	0.0312202
223.0 	0.000103482 	-1.7833e-05 	0.0312024
224.0 	7.38762e-05 	2.248e-06 	0.0312046
225.0 	8.76828e-05 	-3.07441e-06 	0.0312016
226.0 	8.55227e-05 	-2.99593e-06 	0.0311986
227.0 	8.93012e-05 	-8.38688e-06 	0.0311902
228.0 	0.000105724 	-1.76161e-05 	0.0311726
229.0 	0.000113651 	-2.36606e-05 	0.0311489
230.0 	0.000113921 	-2.39124e-05 	0.031125
231.0 	0.000116205 	-2.22443e-05 	0.0311027
232.0 	0.000118451 	-2.16572e-05 	0.0310811
233.0 	0.000118329 	-2.13303e-05 	0.0310598
234.0 	0.000116169 	-2.07957e-05 	0.031039
235.0 	0.000113775 	-1.99578e-05 	0.031019
236.0 	0.000110401 	-1.93233e-05 	0.0309997
237.0 	0.000109487 	-1.85984e-05 	0.0309811
238.0 	0.000108707 	-1.85363e-05 	0.0309625
239.0 	0.000108623 	-1.86908e-05 	0.0309439
240.0 	0.000106697 	-1.87641e-05 	0.0309251
241.0 	0.000105936 	-1.8478e-05 	0.0309066
242.0 	0.000105363 	-1.83558e-05 	0.0308883
243.0 	0.000105735 	-1.83675e-05 	0.0308699
244.0 	0.000104072 	-1.83602e-05 	0.0308515
245.0 	0.000103921 	-1.80685e-05 	0.0308335
246.0 	0.000104142 	-1.80609e-05 	0.0308154
247.0 	0.000105261 	-1.82765e-05 	0.0307971
248.0 	0.000104343 	-1.83707e-05 	0.0307788
249.0 	0.000104797 	-1.82633e-05 	0.0307605
250.0 	0.00010483 	-1.82455e-05 	0.0307422
251.0 	0.000106136 	-1.83245e-05 	0.0307239
252.0 	0.000105069 	-1.82308e-05 	0.0307057
253.0 	0.000105883 	-1.80812e-05 	0.0306876
254.0 	0.000105023 	-1.78219e-05 	0.0306698
255.0 	0.000105853 	-1.78465e-05 	0.0306519
256.0 	0.000104253 	-1.76923e-05 	0.0306342
257.0 	0.000104266 	-1.74257e-05 	0.0306168
258.0 	0.000103092 	-1.71651e-05 	0.0305997
259.0 	0.000103878 	-1.71886e-05 	0.0305825
260.0 	0.000102338 	-1.69783e-05 	0.0305655
261.0 	0.00010287 	-1.68538e-05 	0.0305486
262.0 	0.000101536 	-1.65867e-05 	0.030532
263.0 	0.000102816 	-1.66372e-05 	0.0305154
264.0 	0.000101067 	-1.64004e-05 	0.030499
265.0 	0.000101702 	-1.62634e-05 	0.0304827
266.0 	0.000100386 	-1.59275e-05 	0.0304668
267.0 	0.00010135 	-1.59089e-05 	0.0304509
268.0 	9.89424e-05 	-1.54628e-05 	0.0304354
269.0 	9.95752e-05 	-1.53844e-05 	0.0304201
270.0 	9.78561e-05 	-1.5014e-05 	0.030405
271.0 	9.84854e-05 	-1.4976e-05 	0.0303901
272.0 	9.60748e-05 	-1.45533e-05 	0.0303755
273.0 	9.67961e-05 	-1.46048e-05 	0.0303609
274.0 	9.49725e-05 	-1.42357e-05 	0.0303467
275.0 	9.58241e-05 	-1.42455e-05 	0.0303324
276.0 	9.36391e-05 	-1.38171e-05 	0.0303186
277.0 	9.44939e-05 	-1.39283e-05 	0.0303047
278.0 	9.27258e-05 	-1.35434e-05 	0.0302911
279.0 	9.3655e-05 	-1.35822e-05 	0.0302776
280.0 	9.16325e-05 	-1.35709e-05 	0.030264
281.0 	9.16708e-05 	-1.3252e-05 	0.0302507
282.0 	9.01767e-05 	-1.28336e-05 	0.0302379
283.0 	9.1396e-05 	-1.29715e-05 	0.0302249
284.0 	8.91758e-05 	-1.25961e-05 	0.0302123
285.0 	9.0045e-05 	-1.27635e-05 	0.0301996
286.0 	8.79908e-05 	-1.2409e-05 	0.0301872
287.0 	8.89208e-05 	-1.25519e-05 	0.0301746
288.0 	8.6672e-05 	-1.21928e-05 	0.0301624
289.0 	8.75786e-05 	-1.24023e-05 	0.03015
290.0 	8.57607e-05 	-1.20453e-05 	0.030138
291.0 	8.67974e-05 	-1.22203e-05 	0.0301258
292.0 	8.46569e-05 	-1.19004e-05 	0.0301139
293.0 	8.57555e-05 	-1.20975e-05 	0.0301018
294.0 	8.38455e-05 	-1.17709e-05 	0.03009
295.0 	8.50499e-05 	-1.19885e-05 	0.030078
296.0 	8.29353e-05 	-1.16759e-05 	0.0300663
297.0 	8.40239e-05 	-1.18948e-05 	0.0300544
298.0 	8.21296e-05 	-1.1575e-05 	0.0300429
299.0 	8.34113e-05 	-1.18891e-05 	0.030031
300.0 	8.13439e-05 	-1.159e-05 	0.0300194
301.0 	8.27462e-05 	-1.19241e-05 	0.0300074
302.0 	8.08524e-05 	-1.1602e-05 	0.0299958
303.0 	8.23723e-05 	-1.18984e-05 	0.0299839
304.0 	8.03927e-05 	-1.15558e-05 	0.0299724
305.0 	8.1538e-05 	-1.18593e-05 	0.0299605
306.0 	7.89426e-05 	-1.12924e-05 	0.0299492
307.0 	8.02205e-05 	-1.15882e-05 	0.0299377
308.0 	7.75796e-05 	-1.10757e-05 	0.0299266
309.0 	7.90677e-05 	-1.13437e-05 	0.0299152
310.0 	7.64375e-05 	-1.082e-05 	0.0299044
311.0 	7.82436e-05 	-1.12155e-05 	0.0298932
312.0 	7.56456e-05 	-1.07609e-05 	0.0298824
313.0 	7.75176e-05 	-1.12011e-05 	0.0298712
314.0 	7.4996e-05 	-1.07188e-05 	0.0298605
315.0 	7.693e-05 	-1.11484e-05 	0.0298494
316.0 	7.39456e-05 	-1.05447e-05 	0.0298388
317.0 	7.73748e-05 	-1.11712e-05 	0.0298277
318.0 	7.44808e-05 	-1.06148e-05 	0.029817
319.0 	7.62823e-05 	-1.10354e-05 	0.029806
320.0 	7.36954e-05 	-1.05359e-05 	0.0297955
321.0 	7.58068e-05 	-1.09813e-05 	0.0297845
322.0 	7.29538e-05 	-1.04832e-05 	0.029774
323.0 	7.49464e-05 	-1.09317e-05 	0.0297631
324.0 	7.2041e-05 	-1.0296e-05 	0.0297528
325.0 	7.52659e-05 	-1.09555e-05 	0.0297418
326.0 	7.23294e-05 	-1.03657e-05 	0.0297315
327.0 	7.42484e-05 	-1.07885e-05 	0.0297207
328.0 	7.16723e-05 	-1.02528e-05 	0.0297104
329.0 	7.36653e-05 	-1.07064e-05 	0.0296997
330.0 	7.09397e-05 	-1.0188e-05 	0.0296895
331.0 	7.29833e-05 	-1.06483e-05 	0.0296789
332.0 	7.01892e-05 	-9.99068e-06 	0.0296689
333.0 	7.32353e-05 	-1.06595e-05 	0.0296582
334.0 	7.02695e-05 	-1.00698e-05 	0.0296481
335.0 	7.21816e-05 	-1.04925e-05 	0.0296377
336.0 	6.95929e-05 	-9.96232e-06 	0.0296277
337.0 	7.1594e-05 	-1.04248e-05 	0.0296173
338.0 	6.89479e-05 	-9.88451e-06 	0.0296074
339.0 	7.12958e-05 	-1.03258e-05 	0.0295971
340.0 	6.83849e-05 	-9.65855e-06 	0.0295874
341.0 	7.16948e-05 	-1.03604e-05 	0.029577
342.0 	6.87175e-05 	-9.735e-06 	0.0295673
343.0 	7.03917e-05 	-1.01955e-05 	0.0295571
344.0 	6.79816e-05 	-9.66478e-06 	0.0295474
345.0 	6.99909e-05 	-1.01326e-05 	0.0295373
346.0 	6.72847e-05 	-9.60114e-06 	0.0295277
347.0 	6.9407e-05 	-1.00535e-05 	0.0295177
348.0 	6.66249e-05 	-9.4056e-06 	0.0295083
349.0 	6.97262e-05 	-1.00569e-05 	0.0294982
350.0 	6.68298e-05 	-9.47305e-06 	0.0294887
351.0 	6.86065e-05 	-9.88876e-06 	0.0294788
352.0 	6.61441e-05 	-9.37054e-06 	0.0294695
353.0 	6.8125e-05 	-9.82449e-06 	0.0294596
354.0 	6.52267e-05 	-9.20817e-06 	0.0294504
355.0 	6.81043e-05 	-9.84249e-06 	0.0294406
356.0 	6.56026e-05 	-9.28208e-06 	0.0294313
357.0 	6.72131e-05 	-9.69282e-06 	0.0294216
358.0 	6.49809e-05 	-9.22736e-06 	0.0294124
359.0 	6.67423e-05 	-9.62875e-06 	0.0294028
360.0 	6.46536e-05 	-9.16377e-06 	0.0293936
361.0 	6.62362e-05 	-9.56289e-06 	0.029384
362.0 	6.40689e-05 	-9.15428e-06 	0.0293749
363.0 	6.60306e-05 	-9.5735e-06 	0.0293653
364.0 	6.42613e-05 	-9.10534e-06 	0.0293562
365.0 	6.56865e-05 	-9.48525e-06 	0.0293467
366.0 	6.37831e-05 	-9.06288e-06 	0.0293376
367.0 	6.54682e-05 	-9.43579e-06 	0.0293282
368.0 	6.34296e-05 	-8.98575e-06 	0.0293192
369.0 	6.50023e-05 	-9.37823e-06 	0.0293098
370.0 	6.26007e-05 	-8.93713e-06 	0.0293009
371.0 	6.44246e-05 	-9.33539e-06 	0.0292916
372.0 	6.22392e-05 	-8.85815e-06 	0.0292827
373.0 	6.38468e-05 	-9.23526e-06 	0.0292735
374.0 	6.17219e-05 	-8.79291e-06 	0.0292647
375.0 	6.36906e-05 	-9.16776e-06 	0.0292555
376.0 	6.17206e-05 	-8.71165e-06 	0.0292468
377.0 	6.31983e-05 	-9.06953e-06 	0.0292377
378.0 	6.09225e-05 	-8.66563e-06 	0.0292291
379.0 	6.2687e-05 	-9.03836e-06 	0.02922
380.0 	6.05169e-05 	-8.5762e-06 	0.0292115
381.0 	6.21246e-05 	-8.94849e-06 	0.0292025
382.0 	5.99536e-05 	-8.51444e-06 	0.029194
383.0 	6.17731e-05 	-8.86687e-06 	0.0291851
384.0 	5.99126e-05 	-8.42652e-06 	0.0291767
385.0 	6.12373e-05 	-8.74874e-06 	0.029168
386.0 	5.93801e-05 	-8.37179e-06 	0.0291596
387.0 	6.09657e-05 	-8.69078e-06 	0.0291509
388.0 	5.91347e-05 	-8.26879e-06 	0.0291426
389.0 	6.04108e-05 	-8.62017e-06 	0.029134
390.0 	5.8287e-05 	-8.22246e-06 	0.0291258
391.0 	5.98685e-05 	-8.53723e-06 	0.0291172
392.0 	5.81164e-05 	-8.11828e-06 	0.0291091
393.0 	5.98734e-05 	-8.44463e-06 	0.0291007
394.0 	5.74873e-05 	-8.01258e-06 	0.0290927
395.0 	5.90759e-05 	-8.39817e-06 	0.0290843
396.0 	5.73942e-05 	-7.97234e-06 	0.0290763
397.0 	5.85455e-05 	-8.2576e-06 	0.029068
398.0 	5.68045e-05 	-7.91823e-06 	0.0290601
399.0 	5.79232e-05 	-8.15311e-06 	0.029052
400.0 	5.61826e-05 	-7.76422e-06 	0.0290442
401.0 	5.77608e-05 	-8.11556e-06 	0.0290361
402.0 	5.61156e-05 	-7.7335e-06 	0.0290284
403.0 	5.74913e-05 	-8.00205e-06 	0.0290204
404.0 	5.60533e-05 	-7.66372e-06 	0.0290127
405.0 	5.74078e-05 	-7.95493e-06 	0.0290047
406.0 	5.56862e-05 	-7.6092e-06 	0.0289971
407.0 	5.69879e-05 	-7.87894e-06 	0.0289892
408.0 	5.52974e-05 	-7.49539e-06 	0.0289818
409.0 	5.68846e-05 	-7.82483e-06 	0.0289739
410.0 	5.49325e-05 	-7.46659e-06 	0.0289665
411.0 	5.62079e-05 	-7.75078e-06 	0.0289587
412.0 	5.46643e-05 	-7.39188e-06 	0.0289513
413.0 	5.5898e-05 	-7.68596e-06 	0.0289436
414.0 	5.41575e-05 	-7.37724e-06 	0.0289363
415.0 	5.52367e-05 	-7.61156e-06 	0.0289286
416.0 	5.34732e-05 	-7.26588e-06 	0.0289214
417.0 	5.4899e-05 	-7.60963e-06 	0.0289138
418.0 	5.28177e-05 	-7.20236e-06 	0.0289066
419.0 	5.46999e-05 	-7.54951e-06 	0.028899
420.0 	5.31932e-05 	-7.11895e-06 	0.0288919
421.0 	5.45566e-05 	-7.42889e-06 	0.0288845
422.0 	5.27357e-05 	-7.07984e-06 	0.0288774
423.0 	5.37794e-05 	-7.35416e-06 	0.02887
424.0 	5.24808e-05 	-7.04521e-06 	0.028863
425.0 	5.36631e-05 	-7.30564e-06 	0.0288557
426.0 	5.19338e-05 	-6.95523e-06 	0.0288487
427.0 	5.36086e-05 	-7.265e-06 	0.0288415
428.0 	5.20161e-05 	-6.90204e-06 	0.0288346
429.0 	5.32005e-05 	-7.19677e-06 	0.0288274
430.0 	5.18017e-05 	-6.89127e-06 	0.0288205
431.0 	5.26345e-05 	-7.1081e-06 	0.0288134
432.0 	5.13531e-05 	-6.815e-06 	0.0288065
433.0 	5.27686e-05 	-7.09638e-06 	0.0287995
434.0 	5.13492e-05 	-6.75214e-06 	0.0287927
435.0 	5.22733e-05 	-7.01924e-06 	0.0287857
436.0 	5.11255e-05 	-6.70976e-06 	0.028779
437.0 	5.20482e-05 	-6.98123e-06 	0.028772
438.0 	5.05592e-05 	-6.66542e-06 	0.0287653
439.0 	5.14669e-05 	-6.89453e-06 	0.0287584
440.0 	5.0482e-05 	-6.62062e-06 	0.0287518
441.0 	5.09386e-05 	-6.84301e-06 	0.028745
442.0 	4.97294e-05 	-6.5828e-06 	0.0287384
443.0 	5.0609e-05 	-6.78344e-06 	0.0287316
444.0 	4.96876e-05 	-6.51317e-06 	0.0287251
445.0 	5.0512e-05 	-6.73913e-06 	0.0287183
446.0 	4.94921e-05 	-6.48099e-06 	0.0287119
447.0 	5.00136e-05 	-6.68096e-06 	0.0287052
448.0 	4.88976e-05 	-6.43911e-06 	0.0286987
449.0 	4.96056e-05 	-6.68096e-06 	0.0286921
450.0 	4.83281e-05 	-6.38549e-06 	0.0286857
451.0 	4.95185e-05 	-6.62257e-06 	0.0286791
452.0 	4.87939e-05 	-6.34685e-06 	0.0286727
453.0 	4.92989e-05 	-6.5508e-06 	0.0286662
454.0 	4.82623e-05 	-6.3318e-06 	0.0286598
455.0 	4.89727e-05 	-6.53523e-06 	0.0286533
456.0 	4.78867e-05 	-6.25255e-06 	0.028647
457.0 	4.87003e-05 	-6.49065e-06 	0.0286405
458.0 	4.79203e-05 	-6.2163e-06 	0.0286343
459.0 	4.84256e-05 	-6.40572e-06 	0.0286279
460.0 	4.75666e-05 	-6.18005e-06 	0.0286217
461.0 	4.84058e-05 	-6.40113e-06 	0.0286153
462.0 	4.72128e-05 	-6.12376e-06 	0.0286092
463.0 	4.82466e-05 	-6.35778e-06 	0.0286029
464.0 	4.75775e-05 	-6.1317e-06 	0.0285967
465.0 	4.77282e-05 	-6.2867e-06 	0.0285904
466.0 	4.67498e-05 	-6.12969e-06 	0.0285843
467.0 	4.73901e-05 	-6.27919e-06 	0.028578
468.0 	4.67341e-05 	-6.10213e-06 	0.0285719
469.0 	4.72318e-05 	-6.25681e-06 	0.0285657
470.0 	4.69578e-05 	-6.1346e-06 	0.0285595
471.0 	4.72518e-05 	-6.23887e-06 	0.0285533
472.0 	4.67447e-05 	-6.09022e-06 	0.0285472
473.0 	4.72851e-05 	-6.24539e-06 	0.028541
474.0 	4.65236e-05 	-6.03522e-06 	0.0285349
475.0 	4.70841e-05 	-6.16337e-06 	0.0285288
476.0 	4.69704e-05 	-6.05247e-06 	0.0285227
477.0 	4.66186e-05 	-6.10783e-06 	0.0285166
478.0 	4.63e-05 	-6.02405e-06 	0.0285106
479.0 	4.6411e-05 	-6.06712e-06 	0.0285045
480.0 	4.5969e-05 	-5.93473e-06 	0.0284986
481.0 	4.66761e-05 	-6.05471e-06 	0.0284925
482.0 	4.61095e-05 	-5.88499e-06 	0.0284866
483.0 	4.61932e-05 	-5.95636e-06 	0.0284807
484.0 	4.57871e-05 	-5.8584e-06 	0.0284748
485.0 	4.55728e-05 	-5.89114e-06 	0.0284689
486.0 	4.51975e-05 	-5.7901e-06 	0.0284631
487.0 	4.5377e-05 	-5.8492e-06 	0.0284573
488.0 	4.50889e-05 	-5.76938e-06 	0.0284515
489.0 	4.46795e-05 	-5.78931e-06 	0.0284457
490.0 	4.46068e-05 	-5.74725e-06 	0.02844
491.0 	4.47667e-05 	-5.78223e-06 	0.0284342
492.0 	4.43558e-05 	-5.68807e-06 	0.0284285
493.0 	4.44584e-05 	-5.74264e-06 	0.0284228
494.0 	4.45166e-05 	-5.68965e-06 	0.0284171
495.0 	4.41428e-05 	-5.66505e-06 	0.0284114
496.0 	4.42479e-05 	-5.66006e-06 	0.0284058
497.0 	4.393e-05 	-5.6202e-06 	0.0284001
498.0 	4.3991e-05 	-5.60174e-06 	0.0283945
499.0 	4.4238e-05 	-5.6265e-06 	0.0283889
500.0 	4.3963e-05 	-5.5579e-06 	0.0283834
501.0 	4.34176e-05 	-5.58475e-06 	0.0283778
502.0 	4.33624e-05 	-5.59347e-06 	0.0283722
503.0 	4.30538e-05 	-5.58327e-06 	0.0283666
504.0 	4.33676e-05 	-5.57227e-06 	0.028361
505.0 	4.32073e-05 	-5.55073e-06 	0.0283555
506.0 	4.38415e-05 	-5.58148e-06 	0.0283499
507.0 	4.34856e-05 	-5.54238e-06 	0.0283444
508.0 	4.39008e-05 	-5.56762e-06 	0.0283388
509.0 	4.38017e-05 	-5.53595e-06 	0.0283332
510.0 	4.39656e-05 	-5.5041e-06 	0.0283277
511.0 	4.36942e-05 	-5.50207e-06 	0.0283222
512.0 	4.37537e-05 	-5.49464e-06 	0.0283167
513.0 	4.29109e-05 	-5.43936e-06 	0.0283113
514.0 	4.29653e-05 	-5.43262e-06 	0.0283059
515.0 	4.28323e-05 	-5.40615e-06 	0.0283005
516.0 	4.29737e-05 	-5.35736e-06 	0.0282951
517.0 	4.289e-05 	-5.37618e-06 	0.0282897
518.0 	4.29594e-05 	-5.33653e-06 	0.0282844
519.0 	4.27536e-05 	-5.35751e-06 	0.028279
520.0 	4.27904e-05 	-5.33463e-06 	0.0282737
521.0 	4.23482e-05 	-5.31801e-06 	0.0282684
522.0 	4.23608e-05 	-5.29611e-06 	0.0282631
523.0 	4.20881e-05 	-5.2686e-06 	0.0282578
524.0 	4.21442e-05 	-5.26572e-06 	0.0282526
525.0 	4.18628e-05 	-5.23627e-06 	0.0282473
526.0 	2.74814e-05 	5.1021e-06 	0.0282524
527.0 	2.79829e-05 	1.07237e-05 	0.0282631
528.0 	3.32958e-05 	1.18863e-05 	0.028275
529.0 	3.87502e-05 	1.22464e-05 	0.0282873
530.0 	4.42933e-05 	1.2695e-05 	0.0283
531.0 	4.84044e-05 	1.29229e-05 	0.0283129
532.0 	5.22696e-05 	1.34128e-05 	0.0283263
533.0 	5.36135e-05 	1.34085e-05 	0.0283397
534.0 	5.39693e-05 	1.34844e-05 	0.0283532
535.0 	5.22645e-05 	1.30835e-05 	0.0283663
536.0 	5.02377e-05 	1.27985e-05 	0.0283791
537.0 	4.69956e-05 	1.21622e-05 	0.0283912
538.0 	4.52184e-05 	1.18994e-05 	0.0284031
539.0 	4.32352e-05 	1.14299e-05 	0.0284146
540.0 	4.25945e-05 	1.13033e-05 	0.0284259
541.0 	4.2215e-05 	1.11003e-05 	0.028437
542.0 	4.32241e-05 	1.12327e-05 	0.0284482
543.0 	4.3839e-05 	1.11958e-05 	0.0284594
544.0 	4.54682e-05 	1.15101e-05 	0.0284709
545.0 	4.63766e-05 	1.15974e-05 	0.0284825
546.0 	4.7451e-05 	1.18388e-05 	0.0284944
547.0 	4.79465e-05 	1.19024e-05 	0.0285063
548.0 	4.83475e-05 	1.20136e-05 	0.0285183
549.0 	4.74371e-05 	1.17795e-05 	0.0285301
550.0 	4.72963e-05 	1.18638e-05 	0.0285419
551.0 	4.64342e-05 	1.16295e-05 	0.0285535
552.0 	4.63287e-05 	1.16562e-05 	0.0285652
553.0 	4.52288e-05 	1.13566e-05 	0.0285766
554.0 	4.52344e-05 	1.1424e-05 	0.028588
555.0 	4.47266e-05 	1.12337e-05 	0.0285992
556.0 	4.52214e-05 	1.13483e-05 	0.0286106
557.0 	4.51196e-05 	1.12224e-05 	0.0286218
558.0 	4.58871e-05 	1.13837e-05 	0.0286332
559.0 	4.56126e-05 	1.12461e-05 	0.0286444
560.0 	4.59381e-05 	1.13598e-05 	0.0286558
561.0 	4.52095e-05 	1.1147e-05 	0.0286669
562.0 	4.55764e-05 	1.13172e-05 	0.0286782
563.0 	4.53769e-05 	1.12237e-05 	0.0286895
564.0 	4.59866e-05 	1.14011e-05 	0.0287009
565.0 	4.58691e-05 	1.13062e-05 	0.0287122
566.0 	4.63547e-05 	1.14758e-05 	0.0287236
567.0 	4.59577e-05 	1.13148e-05 	0.028735
568.0 	4.65094e-05 	1.1501e-05 	0.0287465
569.0 	4.58007e-05 	1.12819e-05 	0.0287577
570.0 	4.59673e-05 	1.13597e-05 	0.0287691
571.0 	4.55487e-05 	1.11827e-05 	0.0287803
572.0 	4.58858e-05 	1.12807e-05 	0.0287916
573.0 	4.55815e-05 	1.10834e-05 	0.0288027
574.0 	4.5848e-05 	1.11631e-05 	0.0288138
575.0 	4.52083e-05 	1.0915e-05 	0.0288247
576.0 	4.52553e-05 	1.0984e-05 	0.0288357
577.0 	4.45305e-05 	1.07683e-05 	0.0288465
578.0 	4.49417e-05 	1.09508e-05 	0.0288574
579.0 	4.45603e-05 	1.08013e-05 	0.0288682
580.0 	4.51191e-05 	1.09973e-05 	0.0288792
581.0 	4.48692e-05 	1.08752e-05 	0.0288901
582.0 	4.53239e-05 	1.10358e-05 	0.0289011
583.0 	4.51253e-05 	1.09409e-05 	0.0289121
584.0 	4.58389e-05 	1.11327e-05 	0.0289232
585.0 	4.54274e-05 	1.09044e-05 	0.0289341
586.0 	4.55941e-05 	1.10113e-05 	0.0289451
587.0 	4.50575e-05 	1.08019e-05 	0.0289559
588.0 	4.49331e-05 	1.07991e-05 	0.0289667
589.0 	4.41913e-05 	1.05657e-05 	0.0289773
590.0 	4.40154e-05 	1.05878e-05 	0.0289879
591.0 	4.3254e-05 	1.03719e-05 	0.0289983
592.0 	4.34321e-05 	1.05175e-05 	0.0290088
593.0 	4.30132e-05 	1.03394e-05 	0.0290191
594.0 	4.3769e-05 	1.05928e-05 	0.0290297
595.0 	4.34442e-05 	1.04424e-05 	0.0290401
596.0 	4.3966e-05 	1.06522e-05 	0.0290508
597.0 	4.38836e-05 	1.05718e-05 	0.0290614
598.0 	4.45764e-05 	1.07761e-05 	0.0290721
599.0 	4.45404e-05 	1.06625e-05 	0.0290828
600.0 	4.51041e-05 	1.07993e-05 	0.0290936
601.0 	4.46158e-05 	1.05642e-05 	0.0291042
602.0 	4.50121e-05 	1.06653e-05 	0.0291148
603.0 	4.46648e-05 	1.04802e-05 	0.0291253
604.0 	4.5124e-05 	1.05319e-05 	0.0291359
605.0 	4.47701e-05 	1.0274e-05 	0.0291461
606.0 	4.49447e-05 	1.02908e-05 	0.0291564
607.0 	4.43575e-05 	9.96508e-06 	0.0291664
608.0 	4.45387e-05 	1.00084e-05 	0.0291764
609.0 	4.35594e-05 	9.67995e-06 	0.0291861
610.0 	4.37229e-05 	9.7616e-06 	0.0291958
611.0 	4.30878e-05 	9.57926e-06 	0.0292054
612.0 	4.35173e-05 	9.77829e-06 	0.0292152
613.0 	4.36789e-05 	9.81017e-06 	0.029225
614.0 	4.45668e-05 	1.01535e-05 	0.0292352
615.0 	4.46614e-05 	1.01838e-05 	0.0292453
616.0 	4.53601e-05 	1.05179e-05 	0.0292559
617.0 	4.48641e-05 	1.04167e-05 	0.0292663
618.0 	4.52288e-05 	1.06958e-05 	0.029277
619.0 	4.49862e-05 	1.0671e-05 	0.0292876
620.0 	4.53036e-05 	1.08188e-05 	0.0292985
621.0 	4.46568e-05 	1.06092e-05 	0.0293091
622.0 	4.47088e-05 	1.06896e-05 	0.0293198
623.0 	4.40781e-05 	1.04351e-05 	0.0293302
624.0 	4.41177e-05 	1.04454e-05 	0.0293406
625.0 	4.3433e-05 	1.01571e-05 	0.0293508
626.0 	4.36357e-05 	1.01981e-05 	0.029361
627.0 	4.28183e-05 	9.79586e-06 	0.0293708
628.0 	4.27648e-05 	9.80562e-06 	0.0293806
629.0 	4.18358e-05 	9.42757e-06 	0.02939
630.0 	4.21946e-05 	9.53415e-06 	0.0293996
631.0 	4.18018e-05 	9.27422e-06 	0.0294088
632.0 	4.2569e-05 	9.45221e-06 	0.0294183
633.0 	4.20401e-05 	9.16054e-06 	0.0294274
634.0 	4.24063e-05 	9.30157e-06 	0.0294367
635.0 	4.18986e-05 	9.0717e-06 	0.0294458
636.0 	4.25907e-05 	9.29932e-06 	0.0294551
637.0 	4.26255e-05 	9.22526e-06 	0.0294643
638.0 	4.36026e-05 	9.51529e-06 	0.0294739
639.0 	4.32539e-05 	9.35906e-06 	0.0294832
640.0 	4.38099e-05 	9.64612e-06 	0.0294929
641.0 	4.33131e-05 	9.49854e-06 	0.0295024
642.0 	4.35297e-05 	9.71198e-06 	0.0295121
643.0 	4.26443e-05 	9.48197e-06 	0.0295216
644.0 	4.32107e-05 	9.76798e-06 	0.0295313
645.0 	4.26042e-05 	9.5535e-06 	0.0295409
646.0 	4.32984e-05 	9.84006e-06 	0.0295507
647.0 	4.28522e-05 	9.6484e-06 	0.0295604
648.0 	4.36683e-05 	1.0005e-05 	0.0295704
649.0 	4.33947e-05 	9.85255e-06 	0.0295802
650.0 	4.39355e-05 	1.00562e-05 	0.0295903
651.0 	4.29332e-05 	9.70869e-06 	0.0296
652.0 	4.28563e-05 	9.79366e-06 	0.0296098
653.0 	4.18485e-05 	9.44439e-06 	0.0296192
654.0 	4.19226e-05 	9.4752e-06 	0.0296287
655.0 	4.09398e-05 	9.10646e-06 	0.0296378
656.0 	4.12288e-05 	9.19937e-06 	0.029647
657.0 	4.04334e-05 	8.79569e-06 	0.0296558
658.0 	4.12265e-05 	9.01925e-06 	0.0296648
659.0 	4.0666e-05 	8.65413e-06 	0.0296735
660.0 	4.15896e-05 	8.93474e-06 	0.0296824
661.0 	4.10855e-05 	8.64769e-06 	0.0296911
662.0 	4.17502e-05 	8.8484e-06 	0.0296999
663.0 	4.12025e-05 	8.6003e-06 	0.0297085
664.0 	4.15676e-05 	8.78806e-06 	0.0297173
665.0 	4.07922e-05 	8.4796e-06 	0.0297258
666.0 	4.12312e-05 	8.71974e-06 	0.0297345
667.0 	4.05429e-05 	8.44175e-06 	0.0297429
668.0 	4.12624e-05 	8.70621e-06 	0.0297516
669.0 	4.12287e-05 	8.55549e-06 	0.0297602
670.0 	4.26402e-05 	8.97798e-06 	0.0297692
671.0 	4.24487e-05 	8.79185e-06 	0.029778
672.0 	4.31486e-05 	9.09601e-06 	0.0297871
673.0 	4.26383e-05 	8.88224e-06 	0.0297959
674.0 	4.32829e-05 	9.21516e-06 	0.0298052
675.0 	4.19668e-05 	8.7993e-06 	0.029814
676.0 	4.24016e-05 	9.11253e-06 	0.0298231
677.0 	4.17379e-05 	8.86284e-06 	0.0298319
678.0 	4.24347e-05 	9.13056e-06 	0.0298411
679.0 	4.21282e-05 	8.93489e-06 	0.02985
680.0 	4.28152e-05 	9.17141e-06 	0.0298592
681.0 	4.30003e-05 	9.03554e-06 	0.0298682
682.0 	4.34173e-05 	9.11055e-06 	0.0298773
683.0 	4.27813e-05 	8.86638e-06 	0.0298862
684.0 	4.26619e-05 	8.89506e-06 	0.0298951
685.0 	4.18272e-05 	8.55964e-06 	0.0299036
686.0 	4.17225e-05 	8.63387e-06 	0.0299123
687.0 	4.04714e-05 	8.19404e-06 	0.0299205
688.0 	4.01312e-05 	8.27044e-06 	0.0299287
689.0 	3.8996e-05 	7.92258e-06 	0.0299367
690.0 	3.97016e-05 	8.27081e-06 	0.0299449
691.0 	3.97275e-05 	8.11843e-06 	0.029953
692.0 	4.07464e-05 	8.43514e-06 	0.0299615
693.0 	4.08556e-05 	8.40116e-06 	0.0299699
694.0 	4.17061e-05 	8.71083e-06 	0.0299786
695.0 	4.14733e-05 	8.63059e-06 	0.0299872
696.0 	4.23519e-05 	8.97919e-06 	0.0299962
697.0 	4.17488e-05 	8.7335e-06 	0.0300049
698.0 	4.15309e-05 	8.76209e-06 	0.0300137
699.0 	4.03159e-05 	8.37633e-06 	0.0300221
700.0 	4.02535e-05 	8.49948e-06 	0.0300306
701.0 	3.91654e-05 	8.12714e-06 	0.0300387
702.0 	3.91628e-05 	8.23461e-06 	0.0300469
703.0 	3.8346e-05 	7.88596e-06 	0.0300548
704.0 	3.8724e-05 	8.06521e-06 	0.0300629
705.0 	3.83997e-05 	7.83542e-06 	0.0300707
706.0 	3.91858e-05 	8.04371e-06 	0.0300788
707.0 	3.88472e-05 	7.79603e-06 	0.0300866
708.0 	3.93152e-05 	7.91425e-06 	0.0300945
709.0 	3.8893e-05 	7.6749e-06 	0.0301022
710.0 	3.93602e-05 	7.81597e-06 	0.03011
711.0 	3.87681e-05 	7.48055e-06 	0.0301175
712.0 	3.93393e-05 	7.64302e-06 	0.0301251
713.0 	3.86296e-05 	7.32749e-06 	0.0301324
714.0 	3.8793e-05 	7.47143e-06 	0.0301399
715.0 	3.79631e-05 	7.15147e-06 	0.030147
716.0 	3.84099e-05 	7.40512e-06 	0.0301544
717.0 	3.74115e-05 	7.00256e-06 	0.0301615
718.0 	3.76883e-05 	7.23773e-06 	0.0301687
719.0 	3.73868e-05 	7.04448e-06 	0.0301757
720.0 	3.79241e-05 	7.2376e-06 	0.030183
721.0 	3.77565e-05 	7.13675e-06 	0.0301901
722.0 	3.84126e-05 	7.39128e-06 	0.0301975
723.0 	3.79988e-05 	7.18209e-06 	0.0302047
724.0 	3.88547e-05 	7.58295e-06 	0.0302123
725.0 	3.86381e-05 	7.4109e-06 	0.0302197
726.0 	3.93926e-05 	7.7204e-06 	0.0302274
727.0 	3.88583e-05 	7.4874e-06 	0.0302349
728.0 	3.90414e-05 	7.66041e-06 	0.0302425
729.0 	3.79308e-05 	7.29603e-06 	0.0302498
730.0 	3.77592e-05 	7.38007e-06 	0.0302572
731.0 	3.6572e-05 	6.95747e-06 	0.0302642
732.0 	3.66759e-05 	7.07681e-06 	0.0302713
733.0 	3.57585e-05 	6.6932e-06 	0.0302779
734.0 	3.62382e-05 	6.84785e-06 	0.0302848
735.0 	3.59854e-05 	6.56997e-06 	0.0302914
736.0 	3.68882e-05 	6.89509e-06 	0.0302983
737.0 	3.71575e-05 	6.75858e-06 	0.030305
738.0 	3.80551e-05 	7.05696e-06 	0.0303121
739.0 	3.80714e-05 	6.94442e-06 	0.030319
740.0 	3.86533e-05 	7.15606e-06 	0.0303262
741.0 	3.80085e-05 	6.89719e-06 	0.0303331
742.0 	3.84293e-05 	7.13529e-06 	0.0303402
743.0 	3.71915e-05 	6.60345e-06 	0.0303468
744.0 	3.71382e-05 	6.76534e-06 	0.0303536
745.0 	3.61048e-05 	6.31064e-06 	0.0303599
746.0 	3.63038e-05 	6.44196e-06 	0.0303663
747.0 	3.54303e-05 	6.05521e-06 	0.0303724
748.0 	3.55586e-05 	6.25164e-06 	0.0303786
749.0 	3.46207e-05 	5.95259e-06 	0.0303846
750.0 	3.49699e-05 	6.25458e-06 	0.0303908
751.0 	3.4951e-05 	6.22103e-06 	0.0303971
752.0 	3.52727e-05 	6.37463e-06 	0.0304034
753.0 	3.50749e-05 	6.28332e-06 	0.0304097
754.0 	3.5932e-05 	6.64887e-06 	0.0304164
755.0 	3.60493e-05 	6.54991e-06 	0.0304229
756.0 	3.72097e-05 	6.98472e-06 	0.0304299
757.0 	3.68972e-05 	6.77981e-06 	0.0304367
758.0 	3.68684e-05 	6.88302e-06 	0.0304436
759.0 	3.57419e-05 	6.50314e-06 	0.0304501
760.0 	3.6037e-05 	6.69651e-06 	0.0304568
761.0 	3.52428e-05 	6.35397e-06 	0.0304631
762.0 	3.50695e-05 	6.41098e-06 	0.0304695
763.0 	3.4089e-05 	6.0391e-06 	0.0304756
764.0 	3.40984e-05 	6.13972e-06 	0.0304817
765.0 	3.37519e-05 	5.94247e-06 	0.0304877
766.0 	3.41567e-05 	6.10725e-06 	0.0304938
767.0 	3.39245e-05 	5.8958e-06 	0.0304997
768.0 	3.4269e-05 	6.02503e-06 	0.0305057
769.0 	3.37406e-05 	5.71099e-06 	0.0305114
770.0 	3.38557e-05 	5.79787e-06 	0.0305172
771.0 	3.35022e-05 	5.49656e-06 	0.0305227
772.0 	3.36057e-05 	5.56991e-06 	0.0305283
773.0 	3.21619e-05 	4.97143e-06 	0.0305332
774.0 	3.18179e-05 	5.05739e-06 	0.0305383
775.0 	3.07483e-05 	4.58438e-06 	0.0305429
776.0 	3.08446e-05 	4.74831e-06 	0.0305476
777.0 	3.05511e-05 	4.54398e-06 	0.0305522
778.0 	3.20469e-05 	5.09044e-06 	0.0305573
779.0 	3.25798e-05 	5.04684e-06 	0.0305623
780.0 	3.38019e-05 	5.4788e-06 	0.0305678
781.0 	3.44886e-05 	5.58661e-06 	0.0305734
782.0 	3.55318e-05 	5.93949e-06 	0.0305793
783.0 	3.53074e-05 	5.8378e-06 	0.0305851
784.0 	3.59402e-05 	6.1711e-06 	0.0305913
785.0 	3.4985e-05 	5.84065e-06 	0.0305972
786.0 	3.51085e-05 	6.09975e-06 	0.0306033
787.0 	3.41922e-05 	5.81588e-06 	0.0306091
788.0 	3.44704e-05 	5.99874e-06 	0.0306151
789.0 	3.36859e-05 	5.60616e-06 	0.0306207
790.0 	3.38485e-05 	5.80206e-06 	0.0306265
791.0 	3.29738e-05 	5.44107e-06 	0.0306319
792.0 	3.35426e-05 	5.72815e-06 	0.0306376
793.0 	3.31478e-05 	5.51062e-06 	0.0306432
794.0 	3.38556e-05 	5.80365e-06 	0.030649
795.0 	3.33349e-05 	5.4657e-06 	0.0306544
796.0 	3.37133e-05 	5.65264e-06 	0.0306601
797.0 	3.27391e-05 	5.24972e-06 	0.0306653
798.0 	3.27647e-05 	5.39214e-06 	0.0306707
799.0 	3.17691e-05 	5.00273e-06 	0.0306757
800.0 	3.18777e-05 	5.17927e-06 	0.0306809
801.0 	3.0799e-05 	4.76116e-06 	0.0306857
802.0 	3.06381e-05 	4.8398e-06 	0.0306905
803.0 	2.99077e-05 	4.56439e-06 	0.0306951
804.0 	2.97494e-05 	4.59529e-06 	0.0306997
805.0 	2.88081e-05 	4.23203e-06 	0.0307039
806.0 	2.89867e-05 	4.41654e-06 	0.0307083
807.0 	2.86065e-05 	4.18643e-06 	0.0307125
808.0 	2.98038e-05 	4.67859e-06 	0.0307172
809.0 	2.94953e-05 	4.33146e-06 	0.0307215
810.0 	3.02811e-05 	4.72391e-06 	0.0307262
811.0 	3.03035e-05 	4.55868e-06 	0.0307308
812.0 	3.10529e-05 	4.87168e-06 	0.0307357
813.0 	3.07374e-05 	4.59293e-06 	0.0307403
814.0 	3.14294e-05 	4.97822e-06 	0.0307452
815.0 	3.06624e-05 	4.5511e-06 	0.0307498
816.0 	3.11651e-05 	4.93119e-06 	0.0307547
817.0 	3.05425e-05 	4.5744e-06 	0.0307593
818.0 	3.08895e-05 	4.86259e-06 	0.0307642
819.0 	2.97679e-05 	4.41943e-06 	0.0307686
820.0 	2.99595e-05 	4.66668e-06 	0.0307732
821.0 	2.88134e-05 	4.1991e-06 	0.0307774
822.0 	2.91792e-05 	4.55776e-06 	0.030782
823.0 	2.92138e-05 	4.38845e-06 	0.0307864
824.0 	3.04036e-05 	4.81827e-06 	0.0307912
825.0 	3.01505e-05 	4.5288e-06 	0.0307957
826.0 	3.12595e-05 	5.0014e-06 	0.0308007
827.0 	3.05341e-05 	4.5751e-06 	0.0308053
828.0 	3.12037e-05 	4.89138e-06 	0.0308102
829.0 	3.05377e-05 	4.51784e-06 	0.0308147
830.0 	3.08371e-05 	4.71433e-06 	0.0308194
831.0 	2.95019e-05 	4.16307e-06 	0.0308236
832.0 	2.92061e-05 	4.2887e-06 	0.0308279
833.0 	2.76069e-05 	3.71171e-06 	0.0308316
834.0 	2.75899e-05 	3.99083e-06 	0.0308356
835.0 	2.61029e-05 	3.41254e-06 	0.030839
836.0 	2.60927e-05 	3.70294e-06 	0.0308427
837.0 	2.52259e-05 	3.2876e-06 	0.030846
838.0 	2.55178e-05 	3.51253e-06 	0.0308495
839.0 	2.529e-05 	3.32396e-06 	0.0308528
840.0 	2.66028e-05 	3.80564e-06 	0.0308566
841.0 	2.66001e-05 	3.57659e-06 	0.0308602
842.0 	2.81997e-05 	4.14636e-06 	0.0308644
843.0 	2.83593e-05 	3.96258e-06 	0.0308683
844.0 	3.00631e-05 	4.55867e-06 	0.0308729
845.0 	3.01583e-05 	4.33626e-06 	0.0308772
846.0 	3.1436e-05 	4.84259e-06 	0.0308821
847.0 	3.04924e-05 	4.35736e-06 	0.0308864
848.0 	3.06335e-05 	4.66333e-06 	0.0308911
849.0 	2.88681e-05 	3.99705e-06 	0.0308951
850.0 	2.83916e-05 	4.20397e-06 	0.0308993
851.0 	2.66797e-05 	3.59648e-06 	0.0309029
852.0 	2.7202e-05 	4.04745e-06 	0.0309069
853.0 	2.63779e-05 	3.56514e-06 	0.0309105
854.0 	2.72016e-05 	3.99644e-06 	0.0309145
855.0 	2.68362e-05 	3.62666e-06 	0.0309181
856.0 	2.75978e-05 	4.02378e-06 	0.0309221
857.0 	2.6733e-05 	3.55248e-06 	0.0309257
858.0 	2.7598e-05 	4.04967e-06 	0.0309297
859.0 	2.72865e-05 	3.72661e-06 	0.0309335
860.0 	2.80429e-05 	4.13872e-06 	0.0309376
861.0 	2.7414e-05 	3.75214e-06 	0.0309414
862.0 	2.78553e-05 	4.09505e-06 	0.0309454
863.0 	2.63973e-05 	3.54583e-06 	0.030949
864.0 	2.66149e-05 	3.90607e-06 	0.0309529
865.0 	2.55246e-05 	3.40491e-06 	0.0309563
866.0 	2.6071e-05 	3.83734e-06 	0.0309601
867.0 	2.52674e-05 	3.34567e-06 	0.0309635
868.0 	2.57035e-05 	3.70069e-06 	0.0309672
869.0 	2.50346e-05 	3.31316e-06 	0.0309705
870.0 	2.58374e-05 	3.76075e-06 	0.0309743
871.0 	2.48772e-05 	3.2359e-06 	0.0309775
872.0 	2.55751e-05 	3.66647e-06 	0.0309812
873.0 	2.38785e-05 	2.94057e-06 	0.0309841
874.0 	2.45721e-05 	3.4651e-06 	0.0309876
875.0 	2.31511e-05 	2.80153e-06 	0.0309904
876.0 	2.36401e-05 	3.27286e-06 	0.0309936
877.0 	2.28729e-05 	2.80333e-06 	0.0309964
878.0 	2.33893e-05 	3.18432e-06 	0.0309996
879.0 	2.29305e-05 	2.85862e-06 	0.0310025
880.0 	2.40065e-05 	3.3403e-06 	0.0310058
881.0 	2.359e-05 	2.93173e-06 	0.0310088
882.0 	2.50674e-05 	3.60066e-06 	0.0310124
883.0 	2.44346e-05 	3.09506e-06 	0.0310155
884.0 	2.56162e-05 	3.65956e-06 	0.0310191
885.0 	2.45862e-05 	3.05942e-06 	0.0310222
886.0 	2.51192e-05 	3.46689e-06 	0.0310256
887.0 	2.35926e-05 	2.82004e-06 	0.0310285
888.0 	2.43396e-05 	3.32963e-06 	0.0310318
889.0 	2.33054e-05 	2.75961e-06 	0.0310346
890.0 	2.37475e-05 	3.12721e-06 	0.0310377
891.0 	2.23439e-05 	2.56389e-06 	0.0310402
892.0 	2.31834e-05 	3.07238e-06 	0.0310433
893.0 	2.21854e-05 	2.51445e-06 	0.0310458
894.0 	2.36432e-05 	3.19646e-06 	0.031049
895.0 	2.2973e-05 	2.68175e-06 	0.0310517
896.0 	2.41165e-05 	3.26652e-06 	0.031055
897.0 	2.3582e-05 	2.81333e-06 	0.0310578
898.0 	2.50358e-05 	3.49665e-06 	0.0310613
899.0 	2.43982e-05 	3.0028e-06 	0.0310643
900.0 	2.56069e-05 	3.57443e-06 	0.0310679
901.0 	2.52992e-05 	3.19875e-06 	0.0310711
902.0 	2.59885e-05 	3.6e-06 	0.0310747
903.0 	2.41851e-05 	2.85949e-06 	0.0310775
904.0 	2.39702e-05 	3.17279e-06 	0.0310807
905.0 	2.19641e-05 	2.48498e-06 	0.0310832
906.0 	2.26132e-05 	3.02193e-06 	0.0310862
907.0 	2.11634e-05 	2.35546e-06 	0.0310886
908.0 	2.21841e-05 	2.97165e-06 	0.0310915
909.0 	2.10298e-05 	2.34388e-06 	0.0310939
910.0 	2.21126e-05 	3.0286e-06 	0.0310969
911.0 	2.1752e-05 	2.5619e-06 	0.0310995
912.0 	2.3252e-05 	3.22883e-06 	0.0311027
913.0 	2.28343e-05 	2.73511e-06 	0.0311054
914.0 	2.48442e-05 	3.52627e-06 	0.031109
915.0 	2.43402e-05 	2.98051e-06 	0.0311119
916.0 	2.54449e-05 	3.54872e-06 	0.0311155
917.0 	2.36208e-05 	2.75088e-06 	0.0311182
918.0 	2.40585e-05 	3.26608e-06 	0.0311215
919.0 	2.24718e-05 	2.63007e-06 	0.0311241
920.0 	2.29474e-05 	3.06461e-06 	0.0311272
921.0 	2.14485e-05 	2.47801e-06 	0.0311297
922.0 	2.20896e-05 	2.9731e-06 	0.0311326
923.0 	2.07823e-05 	2.38086e-06 	0.031135
924.0 	2.13322e-05 	2.85343e-06 	0.0311379
925.0 	1.9995e-05 	2.26056e-06 	0.0311401
926.0 	2.10291e-05 	2.86919e-06 	0.031143
927.0 	2.05956e-05 	2.38473e-06 	0.0311454
928.0 	2.16646e-05 	2.89262e-06 	0.0311483
929.0 	2.001e-05 	2.20114e-06 	0.0311505
930.0 	2.19669e-05 	3.17548e-06 	0.0311537
931.0 	2.12105e-05 	2.37701e-06 	0.031156
932.0 	2.16724e-05 	2.81486e-06 	0.0311589
933.0 	1.99141e-05 	2.18512e-06 	0.031161
934.0 	2.10522e-05 	2.87526e-06 	0.0311639
935.0 	1.93821e-05 	2.03624e-06 	0.031166
936.0 	1.9637e-05 	2.49513e-06 	0.0311684
937.0 	1.76896e-05 	1.81654e-06 	0.0311703
938.0 	1.91476e-05 	2.61632e-06 	0.0311729
939.0 	1.79063e-05 	1.83265e-06 	0.0311747
940.0 	1.89748e-05 	2.4621e-06 	0.0311772
941.0 	1.7988e-05 	1.90475e-06 	0.0311791
942.0 	1.97449e-05 	2.6844e-06 	0.0311818
943.0 	1.86584e-05 	1.9631e-06 	0.0311837
944.0 	1.96142e-05 	2.62319e-06 	0.0311863
945.0 	1.90096e-05 	2.09048e-06 	0.0311884
946.0 	1.98246e-05 	2.55883e-06 	0.031191
947.0 	1.88944e-05 	2.03681e-06 	0.031193
948.0 	2.00894e-05 	2.64682e-06 	0.0311957
949.0 	1.86023e-05 	1.89725e-06 	0.0311976
950.0 	1.86798e-05 	2.2559e-06 	0.0311998
951.0 	1.6571e-05 	1.61575e-06 	0.0312015
952.0 	1.703e-05 	2.02548e-06 	0.0312035
953.0 	1.48949e-05 	1.40732e-06 	0.0312049
954.0 	1.61712e-05 	1.95454e-06 	0.0312068
955.0 	1.38269e-05 	1.28681e-06 	0.0312081
956.0 	1.54854e-05 	1.93735e-06 	0.0312101
957.0 	1.42306e-05 	1.30933e-06 	0.0312114
958.0 	1.63511e-05 	2.07534e-06 	0.0312134
959.0 	1.53227e-05 	1.41482e-06 	0.0312149
960.0 	1.74738e-05 	2.23307e-06 	0.0312171
961.0 	1.71367e-05 	1.68769e-06 	0.0312188
962.0 	1.84289e-05 	2.28539e-06 	0.0312211
963.0 	1.77041e-05 	1.82612e-06 	0.0312229
964.0 	1.90468e-05 	2.46804e-06 	0.0312254
965.0 	1.83483e-05 	1.97069e-06 	0.0312273
966.0 	1.9406e-05 	2.55363e-06 	0.0312299
967.0 	1.82473e-05 	1.93978e-06 	0.0312318
968.0 	1.92961e-05 	2.50638e-06 	0.0312343
969.0 	1.76572e-05 	1.7849e-06 	0.0312361
970.0 	1.85332e-05 	2.31285e-06 	0.0312384
971.0 	1.60486e-05 	1.44867e-06 	0.0312399
972.0 	1.70797e-05 	2.08918e-06 	0.031242
973.0 	1.3452e-05 	1.15879e-06 	0.0312431
974.0 	1.58447e-05 	2.02526e-06 	0.0312452
975.0 	1.79187e-05 	-1.75662e-06 	0.0312434
976.0 	3.56837e-05 	-4.50236e-06 	0.0312389
977.0 	5.87017e-05 	7.40973e-06 	0.0312463
978.0 	5.28076e-05 	7.49627e-06 	0.0312538
979.0 	5.13139e-05 	1.17129e-05 	0.0312655
980.0 	4.18318e-05 	-5.81087e-06 	0.0312597
981.0 	6.18432e-05 	1.12638e-05 	0.031271
982.0 	3.55023e-05 	4.82782e-06 	0.0312758
983.0 	4.67405e-05 	-6.50443e-06 	0.0312693
984.0 	6.31207e-05 	1.20824e-05 	0.0312814
985.0 	5.74804e-05 	-1.47338e-05 	0.0312666
986.0 	6.4117e-05 	1.2785e-05 	0.0312794
987.0 	3.49603e-05 	-1.63775e-05 	0.031263
988.0 	5.93117e-05 	9.00224e-06 	0.031272
989.0 	3.63312e-05 	-6.1311e-06 	0.0312659
990.0 	5.6663e-05 	8.95134e-06 	0.0312749
991.0 	4.10427e-05 	-6.61432e-06 	0.0312683
992.0 	4.54937e-05 	-8.81628e-06 	0.0312594
993.0 	6.68248e-05 	1.04438e-05 	0.0312699
994.0 	4.22874e-05 	-8.71344e-06 	0.0312612
995.0 	4.02322e-05 	-7.61612e-06 	0.0312536
996.0 	2.75795e-05 	2.47464e-06 	0.031256
997.0 	5.74064e-05 	7.67675e-06 	0.0312637
998.0 	4.14814e-05 	-7.26717e-06 	0.0312564
999.0 	3.79597e-05 	-6.43663e-06 	0.03125
1000.0 	2.79036e-05 	2.92039e-06 	0.0312529
1001.0 	4.89064e-05 	3.91956e-07 	0.0312533
1002.0 	4.76659e-05 	-6.11963e-06 	0.0312472
1003.0 	4.93439e-05 	-3.67837e-06 	0.0312435
1004.0 	4.77653e-05 	9.31534e-06 	0.0312528
1005.0 	3.4695e-05 	7.09226e-06 	0.0312599
1006.0 	3.4553e-05 	7.68158e-06 	0.0312676
1007.0 	3.58574e-05 	8.02576e-06 	0.0312756
1008.0 	4.01221e-05 	9.42926e-06 	0.0312851
1009.0 	4.12497e-05 	9.4849e-06 	0.0312945
1010.0 	3.17984e-05 	5.50057e-06 	0.0313
1011.0 	2.98654e-05 	7.46629e-06 	0.0313075
1012.0 	3.03621e-05 	7.085e-06 	0.0313146
1013.0 	2.54665e-05 	4.48117e-06 	0.0313191
1014.0 	1.93249e-05 	2.73054e-06 	0.0313218
1015.0 	3.78186e-05 	6.31447e-06 	0.0313281
1016.0 	2.09748e-05 	4.54837e-06 	0.0313327
1017.0 	1.34272e-05 	1.19261e-06 	0.0313339
1018.0 	1.31968e-05 	1.95269e-06 	0.0313358
1019.0 	1.33e-05 	1.71375e-06 	0.0313375
1020.0 	1.83193e-05 	3.14382e-06 	0.0313407
1021.0 	2.05123e-05 	2.82694e-06 	0.0313435
1022.0 	2.50414e-05 	4.16349e-06 	0.0313477
1023.0 	2.63494e-05 	4.04927e-06 	0.0313517
1024.0 	2.94954e-05 	5.15334e-06 	0.0313569
1025.0 	2.94098e-05 	4.86978e-06 	0.0313617
1026.0 	3.07134e-05 	5.52596e-06 	0.0313673
1027.0 	2.85349e-05 	4.71982e-06 	0.031372
1028.0 	2.82458e-05 	5.00729e-06 	0.031377
1029.0 	2.45382e-05 	3.80227e-06 	0.0313808
1030.0 	2.35612e-05 	3.95501e-06 	0.0313847
1031.0 	2.03946e-05 	2.91509e-06 	0.0313877
1032.0 	1.99978e-05 	3.20135e-06 	0.0313909
1033.0 	1.72339e-05 	2.20416e-06 	0.0313931
1034.0 	1.78439e-05 	2.84317e-06 	0.0313959
1035.0 	1.60484e-05 	1.96533e-06 	0.0313979
1036.0 	1.73909e-05 	2.76422e-06 	0.0314006
1037.0 	1.65748e-05 	2.03917e-06 	0.0314027
1038.0 	1.91165e-05 	3.05017e-06 	0.0314057
1039.0 	1.87229e-05 	2.37315e-06 	0.0314081
1040.0 	2.04113e-05 	3.13251e-06 	0.0314112
1041.0 	1.97499e-05 	2.53308e-06 	0.0314138
1042.0 	2.1465e-05 	3.3188e-06 	0.0314171
1043.0 	2.07299e-05 	2.71608e-06 	0.0314198
1044.0 	2.19937e-05 	3.37755e-06 	0.0314232
1045.0 	1.99131e-05 	2.52644e-06 	0.0314257
1046.0 	2.07464e-05 	3.22347e-06 	0.0314289
1047.0 	1.89951e-05 	2.45451e-06 	0.0314314
1048.0 	2.01259e-05 	3.17677e-06 	0.0314346
1049.0 	1.86627e-05 	2.37969e-06 	0.0314369
1050.0 	1.99633e-05 	3.13419e-06 	0.0314401
1051.0 	1.86442e-05 	2.41638e-06 	0.0314425
1052.0 	2.05895e-05 	3.2559e-06 	0.0314457
1053.0 	2.0002e-05 	2.69883e-06 	0.0314484
1054.0 	2.18671e-05 	3.4702e-06 	0.0314519
1055.0 	2.07057e-05 	2.75091e-06 	0.0314547
1056.0 	2.22713e-05 	3.51743e-06 	0.0314582
1057.0 	2.1037e-05 	2.82771e-06 	0.031461
1058.0 	2.26686e-05 	3.60911e-06 	0.0314646
1059.0 	2.12461e-05 	2.89068e-06 	0.0314675
1060.0 	2.23376e-05 	3.54214e-06 	0.0314711
1061.0 	2.04102e-05 	2.69718e-06 	0.0314738
1062.0 	2.09845e-05 	3.27181e-06 	0.031477
1063.0 	1.87046e-05 	2.3691e-06 	0.0314794
1064.0 	1.91081e-05 	2.91588e-06 	0.0314823
1065.0 	1.70749e-05 	2.08526e-06 	0.0314844
1066.0 	1.80778e-05 	2.80286e-06 	0.0314872
1067.0 	1.72824e-05 	2.1757e-06 	0.0314894
1068.0 	1.92709e-05 	3.05013e-06 	0.0314924
1069.0 	1.83506e-05 	2.28279e-06 	0.0314947
1070.0 	2.03323e-05 	3.18207e-06 	0.0314979
1071.0 	1.9699e-05 	2.59053e-06 	0.0315005
1072.0 	2.1478e-05 	3.36397e-06 	0.0315038
1073.0 	2.06681e-05 	2.71028e-06 	0.0315066
1074.0 	2.19116e-05 	3.41451e-06 	0.03151
1075.0 	2.01248e-05 	2.59639e-06 	0.0315126
1076.0 	2.0624e-05 	3.15888e-06 	0.0315157
1077.0 	1.78635e-05 	2.17061e-06 	0.0315179
1078.0 	1.86823e-05 	2.94969e-06 	0.0315208
1079.0 	1.71793e-05 	2.17492e-06 	0.031523
1080.0 	1.82045e-05 	2.86265e-06 	0.0315259
1081.0 	1.68338e-05 	2.12684e-06 	0.031528
1082.0 	1.82982e-05 	2.94388e-06 	0.0315309
1083.0 	1.71044e-05 	2.19047e-06 	0.0315331
1084.0 	1.89764e-05 	3.05281e-06 	0.0315362
1085.0 	1.82057e-05 	2.39454e-06 	0.0315386
1086.0 	2.00714e-05 	3.2049e-06 	0.0315418
1087.0 	1.90037e-05 	2.47274e-06 	0.0315443
1088.0 	2.05594e-05 	3.24587e-06 	0.0315475
1089.0 	1.93264e-05 	2.52245e-06 	0.03155
1090.0 	2.06855e-05 	3.19622e-06 	0.0315532
1091.0 	1.92151e-05 	2.45469e-06 	0.0315557
1092.0 	1.98084e-05 	2.946e-06 	0.0315586
1093.0 	1.67755e-05 	1.88695e-06 	0.0315605
1094.0 	1.73595e-05 	2.53515e-06 	0.0315631
1095.0 	1.47226e-05 	1.56318e-06 	0.0315646
1096.0 	1.57578e-05 	2.30309e-06 	0.0315669
1097.0 	1.34666e-05 	1.34012e-06 	0.0315683
1098.0 	1.54558e-05 	2.34258e-06 	0.0315706
1099.0 	1.39227e-05 	1.4121e-06 	0.031572
1100.0 	1.65139e-05 	2.46693e-06 	0.0315745
1101.0 	1.56195e-05 	1.63911e-06 	0.0315761
1102.0 	1.8335e-05 	2.73597e-06 	0.0315789
1103.0 	1.80016e-05 	2.08412e-06 	0.0315809
1104.0 	2.00002e-05 	2.93168e-06 	0.0315839
1105.0 	1.90272e-05 	2.30347e-06 	0.0315862
1106.0 	2.08096e-05 	3.14081e-06 	0.0315893
1107.0 	1.94916e-05 	2.4353e-06 	0.0315918
1108.0 	2.10336e-05 	3.22258e-06 	0.031595
1109.0 	1.91687e-05 	2.38791e-06 	0.0315974
1110.0 	2.00711e-05 	3.11965e-06 	0.0316005
1111.0 	1.89561e-05 	2.49689e-06 	0.031603
1112.0 	2.03863e-05 	3.20718e-06 	0.0316062
1113.0 	1.91204e-05 	2.5373e-06 	0.0316087
1114.0 	2.06375e-05 	3.33753e-06 	0.0316121
1115.0 	1.9469e-05 	2.66512e-06 	0.0316147
1116.0 	2.05229e-05 	3.3265e-06 	0.0316181
1117.0 	1.90027e-05 	2.57939e-06 	0.0316206
1118.0 	2.01562e-05 	3.28862e-06 	0.0316239
1119.0 	1.87765e-05 	2.57475e-06 	0.0316265
1120.0 	1.98207e-05 	3.19417e-06 	0.0316297
1121.0 	1.8535e-05 	2.50482e-06 	0.0316322
1122.0 	1.94142e-05 	3.07699e-06 	0.0316353
1123.0 	1.77772e-05 	2.32948e-06 	0.0316376
1124.0 	1.87641e-05 	2.93715e-06 	0.0316405
1125.0 	1.63168e-05 	1.95461e-06 	0.0316425
1126.0 	1.74953e-05 	2.74622e-06 	0.0316452
1127.0 	1.57343e-05 	1.85193e-06 	0.0316471
1128.0 	1.65892e-05 	2.43397e-06 	0.0316495
1129.0 	1.40268e-05 	1.46114e-06 	0.031651
1130.0 	1.51934e-05 	2.24877e-06 	0.0316532
1131.0 	1.22383e-05 	1.1659e-06 	0.0316544
1132.0 	1.37154e-05 	2.06211e-06 	0.0316565
1133.0 	1.46562e-05 	-1.51618e-06 	0.0316549
1134.0 	1.63336e-05 	-1.72994e-06 	0.0316532
1135.0 	1.5158e-05 	-1.64574e-06 	0.0316516
1136.0 	1.70872e-05 	-1.89125e-06 	0.0316497
1137.0 	1.68181e-05 	-1.85212e-06 	0.0316478
1138.0 	1.82357e-05 	-2.00216e-06 	0.0316458
1139.0 	1.7453e-05 	-1.93067e-06 	0.0316439
1140.0 	1.84977e-05 	-2.03396e-06 	0.0316419
1141.0 	1.74833e-05 	-1.94131e-06 	0.0316399
1142.0 	1.83802e-05 	-2.01835e-06 	0.0316379
1143.0 	1.73234e-05 	-1.92729e-06 	0.031636
1144.0 	1.83342e-05 	-2.00621e-06 	0.031634
1145.0 	1.72666e-05 	-1.91537e-06 	0.0316321
1146.0 	1.8198e-05 	-2.00464e-06 	0.03163
1147.0 	1.70559e-05 	-1.90617e-06 	0.0316281
1148.0 	1.82264e-05 	-1.99221e-06 	0.0316261
1149.0 	1.68143e-05 	-1.88516e-06 	0.0316243
1150.0 	1.78839e-05 	-1.97751e-06 	0.0316223
1151.0 	1.70611e-05 	-1.89741e-06 	0.0316204
1152.0 	1.79725e-05 	-1.98058e-06 	0.0316184
1153.0 	1.69391e-05 	-1.88789e-06 	0.0316165
1154.0 	1.80786e-05 	-1.98585e-06 	0.0316145
1155.0 	1.70297e-05 	-1.88958e-06 	0.0316126
1156.0 	1.80724e-05 	-1.97851e-06 	0.0316107
1157.0 	1.68655e-05 	-1.87463e-06 	0.0316088
1158.0 	1.79795e-05 	-1.97655e-06 	0.0316068
1159.0 	1.6933e-05 	-1.88289e-06 	0.0316049
1160.0 	1.78701e-05 	-1.97156e-06 	0.031603
1161.0 	1.67109e-05 	-1.86897e-06 	0.0316011
1162.0 	1.77898e-05 	-1.96705e-06 	0.0315991
1163.0 	1.67109e-05 	-1.86238e-06 	0.0315973
1164.0 	1.78024e-05 	-1.96159e-06 	0.0315953
1165.0 	1.65832e-05 	-1.84713e-06 	0.0315935
1166.0 	1.73854e-05 	-1.93674e-06 	0.0315915
1167.0 	1.63398e-05 	-1.83048e-06 	0.0315897
1168.0 	1.74567e-05 	-1.93395e-06 	0.0315878
1169.0 	1.65242e-05 	-1.83928e-06 	0.0315859
1170.0 	1.76713e-05 	-1.95667e-06 	0.031584
1171.0 	1.67673e-05 	-1.85793e-06 	0.0315821
1172.0 	1.79976e-05 	-1.97798e-06 	0.0315801
1173.0 	1.68524e-05 	-1.8711e-06 	0.0315782
1174.0 	1.76305e-05 	-1.97082e-06 	0.0315763
1175.0 	1.63838e-05 	-1.84823e-06 	0.0315744
1176.0 	1.71778e-05 	-1.95668e-06 	0.0315725
1177.0 	1.60942e-05 	-1.82627e-06 	0.0315706
1178.0 	1.74625e-05 	-1.95197e-06 	0.0315687
1179.0 	1.62939e-05 	-1.83783e-06 	0.0315669
1180.0 	1.74547e-05 	-1.9495e-06 	0.0315649
1181.0 	1.64813e-05 	-1.85069e-06 	0.0315631
1182.0 	1.76066e-05 	-1.95463e-06 	0.0315611
1183.0 	1.67422e-05 	-1.86874e-06 	0.0315592
1184.0 	1.78951e-05 	-1.97034e-06 	0.0315573
1185.0 	1.67705e-05 	-1.86914e-06 	0.0315554
1186.0 	1.77232e-05 	-1.95684e-06 	0.0315534
1187.0 	1.671e-05 	-1.85803e-06 	0.0315516
1188.0 	1.78607e-05 	-1.96245e-06 	0.0315496
1189.0 	1.64994e-05 	-1.84318e-06 	0.0315478
1190.0 	1.75955e-05 	-1.94469e-06 	0.0315458
1191.0 	1.66004e-05 	-1.8449e-06 	0.031544
1192.0 	1.75939e-05 	-1.94596e-06 	0.031542
1193.0 	1.64162e-05 	-1.83966e-06 	0.0315402
1194.0 	1.75844e-05 	-1.95462e-06 	0.0315382
1195.0 	1.62992e-05 	-1.83704e-06 	0.0315364
1196.0 	1.75757e-05 	-1.93943e-06 	0.0315345
1197.0 	1.63354e-05 	-1.81939e-06 	0.0315326
1198.0 	1.7442e-05 	-1.91559e-06 	0.0315307
1199.0 	1.62567e-05 	-1.79817e-06 	0.0315289
1200.0 	1.72801e-05 	-1.901e-06 	0.031527
1201.0 	1.62921e-05 	-1.79754e-06 	0.0315252
1202.0 	1.75224e-05 	-1.9151e-06 	0.0315233
1203.0 	1.65335e-05 	-1.82468e-06 	0.0315215
1204.0 	1.78886e-05 	-1.95342e-06 	0.0315195
1205.0 	1.67594e-05 	-1.84752e-06 	0.0315177
1206.0 	1.78426e-05 	-1.96514e-06 	0.0315157
1207.0 	1.68415e-05 	-1.86715e-06 	0.0315139
1208.0 	1.80484e-05 	-1.97914e-06 	0.0315119
1209.0 	1.70114e-05 	-1.88563e-06 	0.03151
1210.0 	1.80728e-05 	-1.97686e-06 	0.031508
1211.0 	1.67664e-05 	-1.86768e-06 	0.0315062
1212.0 	1.77394e-05 	-1.96521e-06 	0.0315042
1213.0 	1.65471e-05 	-1.84785e-06 	0.0315023
1214.0 	1.78043e-05 	-1.94603e-06 	0.0315004
1215.0 	1.67021e-05 	-1.85575e-06 	0.0314985
1216.0 	1.78571e-05 	-1.95604e-06 	0.0314966
1217.0 	1.66207e-05 	-1.85192e-06 	0.0314947
1218.0 	1.78048e-05 	-1.96947e-06 	0.0314928
1219.0 	1.64606e-05 	-1.84832e-06 	0.0314909
1220.0 	1.75229e-05 	-1.95317e-06 	0.031489
1221.0 	1.62747e-05 	-1.8388e-06 	0.0314871
1222.0 	1.74241e-05 	-1.94689e-06 	0.0314852
1223.0 	1.63715e-05 	-1.8414e-06 	0.0314833
1224.0 	1.75332e-05 	-1.95348e-06 	0.0314814
1225.0 	1.63334e-05 	-1.84522e-06 	0.0314795
1226.0 	1.7462e-05 	-1.95674e-06 	0.0314776
1227.0 	1.59588e-05 	-1.82548e-06 	0.0314758
1228.0 	1.71421e-05 	-1.93029e-06 	0.0314738
1229.0 	1.58001e-05 	-1.80204e-06 	0.031472
1230.0 	1.68568e-05 	-1.90592e-06 	0.0314701
1231.0 	1.56341e-05 	-1.77604e-06 	0.0314683
1232.0 	1.69392e-05 	-1.89009e-06 	0.0314664
1233.0 	1.58818e-05 	-1.78046e-06 	0.0314647
1234.0 	1.73339e-05 	-1.90443e-06 	0.0314628
1235.0 	1.62679e-05 	-1.79493e-06 	0.031461
1236.0 	1.74765e-05 	-1.92467e-06 	0.031459
1237.0 	1.64207e-05 	-1.80398e-06 	0.0314572
1238.0 	1.78586e-05 	-1.93601e-06 	0.0314553
1239.0 	1.66558e-05 	-1.82706e-06 	0.0314535
1240.0 	1.74467e-05 	-1.93426e-06 	0.0314515
1241.0 	1.63168e-05 	-1.81762e-06 	0.0314497
1242.0 	1.75532e-05 	-1.95709e-06 	0.0314478
1243.0 	1.64263e-05 	-1.83424e-06 	0.0314459
1244.0 	1.77036e-05 	-1.96385e-06 	0.031444
1245.0 	1.64382e-05 	-1.83899e-06 	0.0314421
1246.0 	1.76227e-05 	-1.95601e-06 	0.0314402
1247.0 	1.6589e-05 	-1.83761e-06 	0.0314383
1248.0 	1.80064e-05 	-1.96003e-06 	0.0314364
1249.0 	1.68852e-05 	-1.84554e-06 	0.0314345
1250.0 	1.78426e-05 	-1.94675e-06 	0.0314326
1251.0 	1.64632e-05 	-1.82023e-06 	0.0314308
1252.0 	1.74686e-05 	-1.93004e-06 	0.0314288
1253.0 	1.64379e-05 	-1.81595e-06 	0.031427
1254.0 	1.76883e-05 	-1.94459e-06 	0.0314251
1255.0 	1.65422e-05 	-1.83286e-06 	0.0314232
1256.0 	1.78748e-05 	-1.96914e-06 	0.0314213
1257.0 	1.67223e-05 	-1.86263e-06 	0.0314194
1258.0 	1.81068e-05 	-2.00037e-06 	0.0314174
1259.0 	1.67795e-05 	-1.88004e-06 	0.0314155
1260.0 	1.79044e-05 	-1.9995e-06 	0.0314135
1261.0 	1.65531e-05 	-1.86879e-06 	0.0314117
1262.0 	1.79742e-05 	-1.99144e-06 	0.0314097
1263.0 	1.66062e-05 	-1.86959e-06 	0.0314078
1264.0 	1.79186e-05 	-1.97364e-06 	0.0314058
1265.0 	1.65347e-05 	-1.8498e-06 	0.031404
1266.0 	1.75793e-05 	-1.9542e-06 	0.031402
1267.0 	1.62488e-05 	-1.81533e-06 	0.0314002
1268.0 	1.75154e-05 	-1.92852e-06 	0.0313983
1269.0 	1.59184e-05 	-1.78403e-06 	0.0313965
1270.0 	1.6915e-05 	-1.89911e-06 	0.0313946
1271.0 	1.56788e-05 	-1.75956e-06 	0.0313928
1272.0 	1.70362e-05 	-1.90401e-06 	0.0313909
1273.0 	1.60144e-05 	-1.7793e-06 	0.0313892
1274.0 	1.74677e-05 	-1.92547e-06 	0.0313872
1275.0 	1.60825e-05 	-1.79599e-06 	0.0313854
1276.0 	1.7486e-05 	-1.95004e-06 	0.0313835
1277.0 	1.63802e-05 	-1.82902e-06 	0.0313816
1278.0 	1.78225e-05 	-1.98111e-06 	0.0313797
1279.0 	1.67116e-05 	-1.8571e-06 	0.0313778
1280.0 	1.80431e-05 	-1.98271e-06 	0.0313758
1281.0 	1.70422e-05 	-1.87591e-06 	0.031374
1282.0 	1.81315e-05 	-1.98197e-06 	0.031372
1283.0 	1.66185e-05 	-1.84631e-06 	0.0313701
1284.0 	1.76598e-05 	-1.95886e-06 	0.0313682
1285.0 	1.63254e-05 	-1.81762e-06 	0.0313663
1286.0 	1.75801e-05 	-1.93936e-06 	0.0313644
1287.0 	3.27183e-05 	1.07491e-05 	0.0313752
1288.0 	2.07555e-05 	6.994e-06 	0.0313822
1289.0 	2.42513e-05 	4.26276e-06 	0.0313864
1290.0 	2.46889e-05 	3.44877e-06 	0.0313899
1291.0 	2.17746e-05 	2.91455e-06 	0.0313928
1292.0 	2.33318e-05 	3.7799e-06 	0.0313966
1293.0 	2.26601e-05 	3.22413e-06 	0.0313998
1294.0 	2.35366e-05 	3.6265e-06 	0.0314034
1295.0 	2.10706e-05 	2.85655e-06 	0.0314063
1296.0 	2.09336e-05 	3.20872e-06 	0.0314095
1297.0 	1.80768e-05 	2.38223e-06 	0.0314119
1298.0 	1.82092e-05 	2.78472e-06 	0.0314146
1299.0 	1.49346e-05 	1.79534e-06 	0.0314164
1300.0 	1.57448e-05 	2.41328e-06 	0.0314188
1301.0 	1.32989e-05 	1.52419e-06 	0.0314204
1302.0 	1.48566e-05 	2.24696e-06 	0.0314226
1303.0 	1.35675e-05 	1.54633e-06 	0.0314242
1304.0 	1.59736e-05 	2.33861e-06 	0.0314265
1305.0 	1.43046e-05 	1.55287e-06 	0.0314281
1306.0 	1.67638e-05 	2.47432e-06 	0.0314305
1307.0 	1.54988e-05 	1.73738e-06 	0.0314323
1308.0 	1.7956e-05 	2.63908e-06 	0.0314349
1309.0 	1.68825e-05 	1.96614e-06 	0.0314369
1310.0 	1.89375e-05 	2.73528e-06 	0.0314396
1311.0 	1.71236e-05 	1.99257e-06 	0.0314416
1312.0 	1.86914e-05 	2.70909e-06 	0.0314443
1313.0 	1.72889e-05 	2.06909e-06 	0.0314464
1314.0 	1.87032e-05 	2.68845e-06 	0.0314491
1315.0 	1.68929e-05 	1.99334e-06 	0.0314511
1316.0 	1.86417e-05 	2.80336e-06 	0.0314539
1317.0 	1.66671e-05 	1.9713e-06 	0.0314558
1318.0 	1.804e-05 	2.69585e-06 	0.0314585
1319.0 	1.61496e-05 	1.95345e-06 	0.0314605
1320.0 	1.75419e-05 	2.63844e-06 	0.0314631
1321.0 	1.61929e-05 	1.99695e-06 	0.0314651
1322.0 	1.7789e-05 	2.67564e-06 	0.0314678
1323.0 	1.61772e-05 	1.95824e-06 	0.0314698
1324.0 	1.79887e-05 	2.70465e-06 	0.0314725
1325.0 	1.64456e-05 	1.97047e-06 	0.0314744
1326.0 	1.83418e-05 	2.74368e-06 	0.0314772
1327.0 	1.71478e-05 	2.09526e-06 	0.0314793
1328.0 	1.93909e-05 	2.93126e-06 	0.0314822
1329.0 	1.83625e-05 	2.29643e-06 	0.0314845
1330.0 	2.01057e-05 	2.96103e-06 	0.0314875
1331.0 	1.90305e-05 	2.42559e-06 	0.0314899
1332.0 	2.06931e-05 	3.07907e-06 	0.031493
1333.0 	1.92518e-05 	2.43843e-06 	0.0314954
1334.0 	2.02496e-05 	2.97582e-06 	0.0314984
1335.0 	1.83159e-05 	2.28768e-06 	0.0315007
1336.0 	1.95241e-05 	2.90604e-06 	0.0315036
1337.0 	1.79067e-05 	2.24219e-06 	0.0315058
1338.0 	1.94003e-05 	2.89637e-06 	0.0315087
1339.0 	1.7651e-05 	2.17603e-06 	0.0315109
1340.0 	1.90102e-05 	2.81697e-06 	0.0315137
1341.0 	1.72095e-05 	2.10412e-06 	0.0315158
1342.0 	1.8616e-05 	2.76636e-06 	0.0315186
1343.0 	1.71968e-05 	2.14656e-06 	0.0315207
1344.0 	1.85009e-05 	2.73645e-06 	0.0315235
1345.0 	1.70224e-05 	2.10863e-06 	0.0315256
1346.0 	1.85592e-05 	2.7785e-06 	0.0315283
1347.0 	1.70082e-05 	2.10845e-06 	0.0315305
1348.0 	1.90075e-05 	2.90079e-06 	0.0315334
1349.0 	1.76537e-05 	2.21896e-06 	0.0315356
1350.0 	1.92176e-05 	2.91005e-06 	0.0315385
1351.0 	1.78819e-05 	2.29447e-06 	0.0315408
1352.0 	1.92179e-05 	2.90074e-06 	0.0315437
1353.0 	1.79651e-05 	2.34261e-06 	0.031546
1354.0 	1.95087e-05 	2.95877e-06 	0.031549
1355.0 	1.76648e-05 	2.22345e-06 	0.0315512
1356.0 	1.88779e-05 	2.8466e-06 	0.031554
1357.0 	1.76284e-05 	2.22909e-06 	0.0315563
1358.0 	1.94884e-05 	2.94907e-06 	0.0315592
1359.0 	1.82779e-05 	2.28993e-06 	0.0315615
1360.0 	1.95767e-05 	2.863e-06 	0.0315644
1361.0 	1.78746e-05 	2.19637e-06 	0.0315666
1362.0 	1.95537e-05 	2.89628e-06 	0.0315695
1363.0 	1.86317e-05 	2.35987e-06 	0.0315718
1364.0 	2.01418e-05 	2.98765e-06 	0.0315748
1365.0 	1.82263e-05 	2.25586e-06 	0.0315771
1366.0 	1.94382e-05 	2.934e-06 	0.03158
1367.0 	1.80659e-05 	2.33743e-06 	0.0315823
1368.0 	1.94601e-05 	2.96454e-06 	0.0315853
1369.0 	1.80338e-05 	2.35053e-06 	0.0315877
1370.0 	1.94813e-05 	2.99695e-06 	0.0315907
1371.0 	1.77528e-05 	2.30275e-06 	0.031593
1372.0 	1.8975e-05 	2.93067e-06 	0.0315959
1373.0 	1.75549e-05 	2.33642e-06 	0.0315982
1374.0 	1.8763e-05 	2.9268e-06 	0.0316012
1375.0 	1.77908e-05 	2.43576e-06 	0.0316036
1376.0 	1.92823e-05 	3.05411e-06 	0.0316066
1377.0 	1.82857e-05 	2.51467e-06 	0.0316092
1378.0 	2.00948e-05 	3.21289e-06 	0.0316124
1379.0 	1.90719e-05 	2.61371e-06 	0.031615
1380.0 	2.04345e-05 	3.19562e-06 	0.0316182
1381.0 	1.90657e-05 	2.57627e-06 	0.0316208
1382.0 	2.04991e-05 	3.18434e-06 	0.0316239
1383.0 	1.89454e-05 	2.51015e-06 	0.0316265
1384.0 	1.98448e-05 	2.97662e-06 	0.0316294
1385.0 	1.79566e-05 	2.28783e-06 	0.0316317
1386.0 	1.91291e-05 	2.84167e-06 	0.0316346
1387.0 	1.74947e-05 	2.17657e-06 	0.0316367
1388.0 	1.90957e-05 	2.83379e-06 	0.0316396
1389.0 	1.69899e-05 	2.02078e-06 	0.0316416
1390.0 	1.82884e-05 	2.64909e-06 	0.0316442
1391.0 	1.65439e-05 	1.95627e-06 	0.0316462
1392.0 	1.80091e-05 	2.57281e-06 	0.0316488
1393.0 	1.69864e-05 	2.01324e-06 	0.0316508
1394.0 	1.91098e-05 	2.73055e-06 	0.0316535
1395.0 	1.76645e-05 	2.07341e-06 	0.0316556
1396.0 	1.96963e-05 	2.86012e-06 	0.0316584
1397.0 	1.80956e-05 	2.13104e-06 	0.0316606
1398.0 	1.93103e-05 	2.75612e-06 	0.0316633
1399.0 	1.76999e-05 	2.15697e-06 	0.0316655
1400.0 	1.90835e-05 	2.80696e-06 	0.0316683
1401.0 	1.78935e-05 	2.27567e-06 	0.0316706
1402.0 	1.94857e-05 	2.95858e-06 	0.0316735
1403.0 	1.89393e-05 	2.56025e-06 	0.0316761
1404.0 	2.08417e-05 	3.27619e-06 	0.0316794
1405.0 	2.02839e-05 	2.85674e-06 	0.0316822
1406.0 	2.20743e-05 	3.56574e-06 	0.0316858
1407.0 	2.15368e-05 	3.16157e-06 	0.031689
1408.0 	2.34695e-05 	3.89974e-06 	0.0316929
1409.0 	2.25264e-05 	3.36375e-06 	0.0316962
1410.0 	2.33716e-05 	3.83294e-06 	0.0317
1411.0 	2.19992e-05 	3.28046e-06 	0.0317033
1412.0 	2.28098e-05 	3.73784e-06 	0.0317071
1413.0 	2.11168e-05 	3.08029e-06 	0.0317101
1414.0 	2.15688e-05 	3.46408e-06 	0.0317136
1415.0 	1.99524e-05 	2.86932e-06 	0.0317165
1416.0 	2.05009e-05 	3.2513e-06 	0.0317197
1417.0 	1.85392e-05 	2.56502e-06 	0.0317223
1418.0 	1.95771e-05 	3.12722e-06 	0.0317254
1419.0 	1.82892e-05 	2.5187e-06 	0.0317279
1420.0 	1.95137e-05 	3.05082e-06 	0.031731
1421.0 	1.79265e-05 	2.38149e-06 	0.0317334
1422.0 	1.93005e-05 	2.98138e-06 	0.0317364
1423.0 	1.83434e-05 	2.46533e-06 	0.0317388
1424.0 	1.97978e-05 	3.00424e-06 	0.0317418
1425.0 	1.82565e-05 	2.36314e-06 	0.0317442
1426.0 	1.91484e-05 	2.84421e-06 	0.031747
1427.0 	1.70218e-05 	2.13428e-06 	0.0317492
1428.0 	1.83077e-05 	2.79647e-06 	0.031752
1429.0 	1.65239e-05 	2.08138e-06 	0.031754
1430.0 	1.76579e-05 	2.6696e-06 	0.0317567
1431.0 	1.62953e-05 	2.06574e-06 	0.0317588
1432.0 	1.81053e-05 	2.76527e-06 	0.0317615
1433.0 	1.74702e-05 	2.25525e-06 	0.0317638
1434.0 	1.94522e-05 	2.93817e-06 	0.0317667
1435.0 	1.8497e-05 	2.36318e-06 	0.0317691
1436.0 	2.05162e-05 	3.11199e-06 	0.0317722
1437.0 	1.96083e-05 	2.53851e-06 	0.0317748
1438.0 	2.14987e-05 	3.24969e-06 	0.031778
1439.0 	2.05832e-05 	2.7113e-06 	0.0317807
1440.0 	2.1668e-05 	3.22724e-06 	0.0317839
1441.0 	2.01819e-05 	2.65168e-06 	0.0317866
1442.0 	2.13106e-05 	3.19424e-06 	0.0317898
1443.0 	1.99236e-05 	2.62224e-06 	0.0317924
1444.0 	2.12455e-05 	3.23099e-06 	0.0317956
1445.0 	2.04852e-05 	2.77937e-06 	0.0317984
1446.0 	2.20584e-05 	3.38207e-06 	0.0318018
1447.0 	2.08557e-05 	2.81941e-06 	0.0318046
1448.0 	2.24513e-05 	3.52275e-06 	0.0318081
1449.0 	2.13987e-05 	2.96933e-06 	0.0318111
1450.0 	2.26403e-05 	3.55938e-06 	0.0318147
1451.0 	2.11582e-05 	2.96141e-06 	0.0318176
1452.0 	2.21374e-05 	3.52615e-06 	0.0318212
1453.0 	2.11477e-05 	3.06247e-06 	0.0318242
1454.0 	2.19246e-05 	3.48344e-06 	0.0318277
1455.0 	2.07636e-05 	3.02707e-06 	0.0318307
1456.0 	2.18735e-05 	3.55467e-06 	0.0318343
1457.0 	2.08313e-05 	3.0788e-06 	0.0318374
1458.0 	2.22283e-05 	3.68851e-06 	0.0318411
1459.0 	2.11727e-05 	3.14061e-06 	0.0318442
1460.0 	2.22847e-05 	3.65796e-06 	0.0318479
1461.0 	2.08843e-05 	3.0588e-06 	0.0318509
1462.0 	2.1603e-05 	3.49659e-06 	0.0318544
1463.0 	2.03723e-05 	2.97587e-06 	0.0318574
1464.0 	2.12876e-05 	3.42052e-06 	0.0318608
1465.0 	2.01472e-05 	2.91081e-06 	0.0318637
1466.0 	2.12383e-05 	3.39695e-06 	0.0318671
1467.0 	1.97947e-05 	2.79643e-06 	0.0318699
1468.0 	2.10176e-05 	3.36509e-06 	0.0318733
1469.0 	1.9698e-05 	2.75633e-06 	0.031876
1470.0 	2.05138e-05 	3.2232e-06 	0.0318793
1471.0 	1.88645e-05 	2.57488e-06 	0.0318818
1472.0 	1.98045e-05 	3.07483e-06 	0.0318849
1473.0 	1.85474e-05 	2.49749e-06 	0.0318874
1474.0 	1.98899e-05 	3.07051e-06 	0.0318905
1475.0 	1.8742e-05 	2.50447e-06 	0.031893
1476.0 	1.99808e-05 	3.04303e-06 	0.031896
1477.0 	1.89626e-05 	2.53297e-06 	0.0318986
1478.0 	2.04695e-05 	3.12764e-06 	0.0319017
1479.0 	1.91491e-05 	2.52351e-06 	0.0319042
1480.0 	2.03324e-05 	3.10346e-06 	0.0319073
1481.0 	1.89753e-05 	2.52829e-06 	0.0319098
1482.0 	2.04575e-05 	3.175e-06 	0.031913
1483.0 	1.95515e-05 	2.6776e-06 	0.0319157
1484.0 	2.11509e-05 	3.30273e-06 	0.031919
1485.0 	2.03064e-05 	2.80724e-06 	0.0319218
1486.0 	2.18787e-05 	3.4321e-06 	0.0319252
1487.0 	2.07736e-05 	2.87149e-06 	0.0319281
1488.0 	2.19497e-05 	3.45519e-06 	0.0319316
1489.0 	2.10715e-05 	2.97788e-06 	0.0319345
1490.0 	2.22191e-05 	3.50277e-06 	0.031938
1491.0 	2.08179e-05 	2.90226e-06 	0.0319409
1492.0 	2.21165e-05 	3.51507e-06 	0.0319445
1493.0 	2.10406e-05 	2.96247e-06 	0.0319474
1494.0 	2.20339e-05 	3.45829e-06 	0.0319509
1495.0 	2.11154e-05 	2.99146e-06 	0.0319539
1496.0 	2.27876e-05 	3.66166e-06 	0.0319575
1497.0 	2.22093e-05 	3.2121e-06 	0.0319607
1498.0 	2.38255e-05 	3.83605e-06 	0.0319646
1499.0 	2.27322e-05 	3.2643e-06 	0.0319678
1500.0 	2.38126e-05 	3.80918e-06 	0.0319717
1501.0 	2.26842e-05 	3.28577e-06 	0.0319749
1502.0 	2.34874e-05 	3.72242e-06 	0.0319787
1503.0 	2.2095e-05 	3.1751e-06 	0.0319818
1504.0 	2.27837e-05 	3.60552e-06 	0.0319854
1505.0 	2.11927e-05 	3.01323e-06 	0.0319885
1506.0 	2.17416e-05 	3.44097e-06 	0.0319919
1507.0 	1.99312e-05 	2.79586e-06 	0.0319947
1508.0 	2.10521e-05 	3.39797e-06 	0.0319981
1509.0 	1.9635e-05 	2.76454e-06 	0.0320009
1510.0 	2.07264e-05 	3.33382e-06 	0.0320042
1511.0 	1.98102e-05 	2.83114e-06 	0.032007
1512.0 	2.133e-05 	3.43435e-06 	0.0320105
1513.0 	2.10495e-05 	3.08108e-06 	0.0320135
1514.0 	2.26066e-05 	3.63431e-06 	0.0320172
1515.0 	2.20267e-05 	3.21725e-06 	0.0320204
1516.0 	2.35644e-05 	3.81397e-06 	0.0320242
1517.0 	2.26248e-05 	3.3169e-06 	0.0320275
1518.0 	2.3831e-05 	3.88089e-06 	0.0320314
1519.0 	2.24455e-05 	3.27065e-06 	0.0320347
1520.0 	2.31138e-05 	3.72959e-06 	0.0320384
1521.0 	2.15518e-05 	3.14959e-06 	0.0320415
1522.0 	2.19576e-05 	3.53685e-06 	0.0320451
1523.0 	2.04252e-05 	2.97992e-06 	0.0320481
1524.0 	2.12368e-05 	3.46273e-06 	0.0320515
1525.0 	1.99495e-05 	2.89662e-06 	0.0320544
1526.0 	2.08664e-05 	3.37452e-06 	0.0320578
1527.0 	1.9901e-05 	2.88271e-06 	0.0320607
1528.0 	2.15311e-05 	3.50298e-06 	0.0320642
1529.0 	2.0836e-05 	2.99465e-06 	0.0320672
1530.0 	2.20286e-05 	3.50607e-06 	0.0320707
1531.0 	2.1341e-05 	3.07613e-06 	0.0320738
1532.0 	2.29513e-05 	3.69063e-06 	0.0320774
1533.0 	2.17249e-05 	3.07583e-06 	0.0320805
1534.0 	2.24533e-05 	3.52917e-06 	0.0320841
1535.0 	2.13191e-05 	3.04558e-06 	0.0320871
1536.0 	2.23719e-05 	3.56719e-06 	0.0320907
1537.0 	2.10329e-05 	2.97892e-06 	0.0320936
1538.0 	2.20267e-05 	3.51183e-06 	0.0320972
1539.0 	2.07024e-05 	2.9366e-06 	0.0321001
1540.0 	2.16758e-05 	3.45271e-06 	0.0321035
1541.0 	2.05299e-05 	2.92158e-06 	0.0321065
1542.0 	2.16352e-05 	3.45747e-06 	0.0321099
1543.0 	2.06893e-05 	2.96289e-06 	0.0321129
1544.0 	2.19334e-05 	3.51368e-06 	0.0321164
1545.0 	2.10695e-05 	3.03403e-06 	0.0321194
1546.0 	2.2287e-05 	3.56401e-06 	0.032123
1547.0 	2.14844e-05 	3.09764e-06 	0.0321261
1548.0 	2.27653e-05 	3.65038e-06 	0.0321297
1549.0 	2.1635e-05 	3.09237e-06 	0.0321328
1550.0 	2.26914e-05 	3.60662e-06 	0.0321364
1551.0 	2.16255e-05 	3.0922e-06 	0.0321395
1552.0 	2.27279e-05 	3.59835e-06 	0.0321431
1553.0 	2.19928e-05 	3.16507e-06 	0.0321463
1554.0 	2.36445e-05 	3.7938e-06 	0.0321501
1555.0 	2.31083e-05 	3.34606e-06 	0.0321534
1556.0 	2.45487e-05 	3.90433e-06 	0.0321573
1557.0 	2.33197e-05 	3.32217e-06 	0.0321607
1558.0 	2.44145e-05 	3.86224e-06 	0.0321645
1559.0 	2.32777e-05 	3.34301e-06 	0.0321679
1560.0 	2.41344e-05 	3.8078e-06 	0.0321717
1561.0 	2.26775e-05 	3.22427e-06 	0.0321749
1562.0 	2.31515e-05 	3.62953e-06 	0.0321785
1563.0 	2.16466e-05 	3.0904e-06 	0.0321816
1564.0 	2.26871e-05 	3.64319e-06 	0.0321853
1565.0 	2.1847e-05 	3.21146e-06 	0.0321885
1566.0 	2.29774e-05 	3.74296e-06 	0.0321922
1567.0 	2.2112e-05 	3.29062e-06 	0.0321955
1568.0 	2.32151e-05 	3.8014e-06 	0.0321993
1569.0 	2.20367e-05 	3.26955e-06 	0.0322026
1570.0 	2.31186e-05 	3.82164e-06 	0.0322064
1571.0 	2.22899e-05 	3.35588e-06 	0.0322098
1572.0 	2.3451e-05 	3.88295e-06 	0.0322136
1573.0 	2.2669e-05 	3.43134e-06 	0.0322171
1574.0 	2.40943e-05 	4.02723e-06 	0.0322211
1575.0 	2.34037e-05 	3.56347e-06 	0.0322247
1576.0 	2.43992e-05 	4.03683e-06 	0.0322287
1577.0 	2.28683e-05 	3.40356e-06 	0.0322321
1578.0 	2.35602e-05 	3.89356e-06 	0.032236
1579.0 	2.24054e-05 	3.37063e-06 	0.0322394
1580.0 	2.32108e-05 	3.81293e-06 	0.0322432
1581.0 	2.17964e-05 	3.22987e-06 	0.0322464
1582.0 	2.27272e-05 	3.74445e-06 	0.0322502
1583.0 	2.17906e-05 	3.2528e-06 	0.0322534
1584.0 	2.28236e-05 	3.74345e-06 	0.0322572
1585.0 	2.17399e-05 	3.19624e-06 	0.0322604
1586.0 	2.26466e-05 	3.67408e-06 	0.032264
1587.0 	2.1397e-05 	3.10255e-06 	0.0322671
1588.0 	2.27654e-05 	3.72465e-06 	0.0322709
1589.0 	2.16719e-05 	3.14522e-06 	0.032274
1590.0 	2.25719e-05 	3.62614e-06 	0.0322776
1591.0 	2.15201e-05 	3.12829e-06 	0.0322808
1592.0 	2.27253e-05 	3.67385e-06 	0.0322844
1593.0 	2.19326e-05 	3.21828e-06 	0.0322876
1594.0 	2.28458e-05 	3.65589e-06 	0.0322913
1595.0 	2.17016e-05 	3.15651e-06 	0.0322945
1596.0 	2.29299e-05 	3.74921e-06 	0.0322982
1597.0 	2.22432e-05 	3.2974e-06 	0.0323015
1598.0 	2.34826e-05 	3.82379e-06 	0.0323053
1599.0 	2.24433e-05 	3.30918e-06 	0.0323086
1600.0 	2.3356e-05 	3.79382e-06 	0.0323124
1601.0 	2.19048e-05 	3.18018e-06 	0.0323156
1602.0 	2.27192e-05 	3.68764e-06 	0.0323193
1603.0 	2.17032e-05 	3.19053e-06 	0.0323225
1604.0 	2.28517e-05 	3.69322e-06 	0.0323262
1605.0 	2.17146e-05 	3.14659e-06 	0.0323293
1606.0 	2.28995e-05 	3.70438e-06 	0.032333
1607.0 	2.22303e-05 	3.2493e-06 	0.0323363
1608.0 	2.33435e-05 	3.71629e-06 	0.03234
1609.0 	2.24913e-05 	3.24436e-06 	0.0323432
1610.0 	2.38727e-05 	3.81648e-06 	0.0323471
1611.0 	2.30179e-05 	3.30443e-06 	0.0323504
1612.0 	2.45997e-05 	3.94846e-06 	0.0323543
1613.0 	2.37603e-05 	3.41715e-06 	0.0323577
1614.0 	2.49337e-05 	3.98193e-06 	0.0323617
1615.0 	2.42185e-05 	3.54846e-06 	0.0323653
1616.0 	2.54518e-05 	4.094e-06 	0.0323694
1617.0 	2.40888e-05 	3.49382e-06 	0.0323728
1618.0 	2.47797e-05 	3.97075e-06 	0.0323768
1619.0 	2.34838e-05 	3.43282e-06 	0.0323803
1620.0 	2.42892e-05 	3.90389e-06 	0.0323842
1621.0 	2.31352e-05 	3.39411e-06 	0.0323876
1622.0 	2.36483e-05 	3.7871e-06 	0.0323913
1623.0 	2.20899e-05 	3.21695e-06 	0.0323946
1624.0 	2.31086e-05 	3.80164e-06 	0.0323984
1625.0 	2.24743e-05 	3.39448e-06 	0.0324018
1626.0 	2.36824e-05 	3.9161e-06 	0.0324057
1627.0 	2.29302e-05 	3.45928e-06 	0.0324091
1628.0 	2.41964e-05 	4.02178e-06 	0.0324131
1629.0 	2.37584e-05 	3.66861e-06 	0.0324168
1630.0 	2.52521e-05 	4.24758e-06 	0.0324211
1631.0 	2.50262e-05 	3.92459e-06 	0.032425
1632.0 	2.604e-05 	4.36964e-06 	0.0324294
1633.0 	2.51292e-05 	3.91435e-06 	0.0324333
1634.0 	2.57915e-05 	4.32871e-06 	0.0324376
1635.0 	2.43426e-05 	3.74099e-06 	0.0324413
1636.0 	2.47721e-05 	4.12945e-06 	0.0324455
1637.0 	2.31339e-05 	3.50736e-06 	0.032449
1638.0 	2.35087e-05 	3.88634e-06 	0.0324529
1639.0 	2.18833e-05 	3.26681e-06 	0.0324561
1640.0 	2.24849e-05 	3.70477e-06 	0.0324598
1641.0 	2.12585e-05 	3.17028e-06 	0.032463
1642.0 	2.24542e-05 	3.73032e-06 	0.0324667
1643.0 	2.16247e-05 	3.2156e-06 	0.03247
1644.0 	2.27939e-05 	3.74043e-06 	0.0324737
1645.0 	2.19771e-05 	3.24214e-06 	0.0324769
1646.0 	2.33313e-05 	3.81507e-06 	0.0324808
1647.0 	2.28333e-05 	3.39301e-06 	0.0324841
1648.0 	2.41734e-05 	3.91623e-06 	0.0324881
1649.0 	2.34502e-05 	3.45882e-06 	0.0324915
1650.0 	2.46877e-05 	4.00686e-06 	0.0324955
1651.0 	2.41291e-05 	3.59711e-06 	0.0324991
1652.0 	2.53499e-05 	4.10584e-06 	0.0325032
1653.0 	2.42382e-05 	3.57287e-06 	0.0325068
1654.0 	2.47841e-05 	3.97205e-06 	0.0325108
1655.0 	2.33181e-05 	3.40894e-06 	0.0325142
1656.0 	2.39775e-05 	3.88154e-06 	0.0325181
1657.0 	2.28269e-05 	3.37103e-06 	0.0325214
1658.0 	2.33364e-05 	3.75816e-06 	0.0325252
1659.0 	2.17552e-05 	3.16394e-06 	0.0325284
1660.0 	2.24064e-05 	3.63143e-06 	0.032532
1661.0 	2.1485e-05 	3.17737e-06 	0.0325352
1662.0 	2.25832e-05 	3.69425e-06 	0.0325389
1663.0 	2.17576e-05 	3.1922e-06 	0.0325421
1664.0 	2.31275e-05 	3.7808e-06 	0.0325458
1665.0 	2.2699e-05 	3.36321e-06 	0.0325492
1666.0 	2.4056e-05 	3.90099e-06 	0.0325531
1667.0 	2.37768e-05 	3.52643e-06 	0.0325566
1668.0 	2.55069e-05 	4.15917e-06 	0.0325608
1669.0 	2.51898e-05 	3.74606e-06 	0.0325645
1670.0 	2.66425e-05 	4.29756e-06 	0.0325688
1671.0 	2.62066e-05 	3.90441e-06 	0.0325727
1672.0 	2.73371e-05 	4.39401e-06 	0.0325771
1673.0 	2.60971e-05 	3.81847e-06 	0.0325809
1674.0 	2.67328e-05 	4.24862e-06 	0.0325852
1675.0 	2.56341e-05 	3.77987e-06 	0.032589
1676.0 	2.63746e-05 	4.22872e-06 	0.0325932
1677.0 	2.48821e-05 	3.66308e-06 	0.0325969
1678.0 	2.48302e-05 	3.98391e-06 	0.0326008
1679.0 	2.30509e-05 	3.41361e-06 	0.0326043
1680.0 	2.35368e-05 	3.90753e-06 	0.0326082
1681.0 	2.25914e-05 	3.4538e-06 	0.0326116
1682.0 	2.39246e-05 	4.04668e-06 	0.0326157
1683.0 	2.32021e-05 	3.56061e-06 	0.0326192
1684.0 	2.46613e-05 	4.18315e-06 	0.0326234
1685.0 	2.4302e-05 	3.80428e-06 	0.0326272
1686.0 	2.54941e-05 	4.31011e-06 	0.0326315
1687.0 	2.48701e-05 	3.90738e-06 	0.0326354
1688.0 	2.60073e-05 	4.43454e-06 	0.0326399
1689.0 	2.52975e-05 	4.01743e-06 	0.0326439
1690.0 	2.59731e-05 	4.4125e-06 	0.0326483
1691.0 	2.46523e-05 	3.86453e-06 	0.0326522
1692.0 	2.53067e-05 	4.3261e-06 	0.0326565
1693.0 	2.40548e-05 	3.77484e-06 	0.0326603
1694.0 	2.45186e-05 	4.15351e-06 	0.0326644
1695.0 	2.27986e-05 	3.49489e-06 	0.0326679
1696.0 	2.31475e-05 	3.88813e-06 	0.0326718
1697.0 	2.17792e-05 	3.30606e-06 	0.0326751
1698.0 	2.27941e-05 	3.82471e-06 	0.0326789
1699.0 	2.23201e-05 	3.38376e-06 	0.0326823
1700.0 	2.3709e-05 	3.89153e-06 	0.0326862
1701.0 	2.30899e-05 	3.41955e-06 	0.0326896
1702.0 	2.42611e-05 	3.92582e-06 	0.0326936
1703.0 	2.32519e-05 	3.37489e-06 	0.0326969
1704.0 	2.45311e-05 	3.95997e-06 	0.0327009
1705.0 	2.37484e-05 	3.45201e-06 	0.0327043
1706.0 	2.47762e-05 	3.93806e-06 	0.0327083
1707.0 	2.33643e-05 	3.31849e-06 	0.0327116
1708.0 	2.41253e-05 	3.81438e-06 	0.0327154
1709.0 	2.30511e-05 	3.31156e-06 	0.0327187
1710.0 	2.40195e-05 	3.81625e-06 	0.0327225
1711.0 	2.28684e-05 	3.27035e-06 	0.0327258
1712.0 	2.40046e-05 	3.85092e-06 	0.0327297
1713.0 	2.29698e-05 	3.30829e-06 	0.032733
1714.0 	2.40141e-05 	3.8612e-06 	0.0327368
1715.0 	2.32421e-05 	3.40562e-06 	0.0327402
1716.0 	2.45958e-05 	4.0081e-06 	0.0327442
1717.0 	2.39162e-05 	3.5337e-06 	0.0327478
1718.0 	2.51123e-05 	4.09518e-06 	0.0327519
1719.0 	2.45232e-05 	3.66973e-06 	0.0327555
1720.0 	2.58752e-05 	4.25157e-06 	0.0327598
1721.0 	2.52966e-05 	3.81209e-06 	0.0327636
1722.0 	2.65674e-05 	4.37965e-06 	0.032768
1723.0 	2.55118e-05 	3.8259e-06 	0.0327718
1724.0 	2.63561e-05 	4.3242e-06 	0.0327761
1725.0 	2.53445e-05 	3.81782e-06 	0.03278
1726.0 	2.60739e-05 	4.27593e-06 	0.0327842
1727.0 	2.52591e-05 	3.85462e-06 	0.0327881
1728.0 	2.60592e-05 	4.2968e-06 	0.0327924
1729.0 	2.51003e-05 	3.82432e-06 	0.0327962
1730.0 	2.60076e-05 	4.3227e-06 	0.0328005
1731.0 	2.49702e-05 	3.81105e-06 	0.0328043
1732.0 	2.60291e-05 	4.36846e-06 	0.0328087
1733.0 	2.52522e-05 	3.89109e-06 	0.0328126
1734.0 	2.62214e-05 	4.38954e-06 	0.032817
1735.0 	2.53834e-05 	3.91718e-06 	0.0328209
1736.0 	2.62485e-05 	4.38429e-06 	0.0328253
1737.0 	2.55008e-05 	3.94616e-06 	0.0328292
1738.0 	2.61588e-05 	4.32911e-06 	0.0328336
1739.0 	2.51136e-05 	3.85288e-06 	0.0328374
1740.0 	2.59431e-05 	4.33331e-06 	0.0328418
1741.0 	2.46864e-05 	3.77891e-06 	0.0328455
1742.0 	2.5089e-05 	4.16803e-06 	0.0328497
1743.0 	2.36639e-05 	3.61119e-06 	0.0328533
1744.0 	2.44941e-05 	4.12933e-06 	0.0328574
1745.0 	2.37592e-05 	3.69417e-06 	0.0328611
1746.0 	2.45913e-05 	4.13438e-06 	0.0328653
1747.0 	2.37043e-05 	3.65982e-06 	0.0328689
1748.0 	2.48972e-05 	4.20578e-06 	0.0328731
1749.0 	2.4042e-05 	3.6895e-06 	0.0328768
1750.0 	2.48608e-05 	4.1407e-06 	0.032881
1751.0 	2.40049e-05 	3.6722e-06 	0.0328846
1752.0 	2.50235e-05 	4.16e-06 	0.0328888
1753.0 	2.41846e-05 	3.65837e-06 	0.0328925
1754.0 	2.50862e-05 	4.12319e-06 	0.0328966
1755.0 	2.44069e-05 	3.70329e-06 	0.0329003
1756.0 	2.55307e-05 	4.20649e-06 	0.0329045
1757.0 	2.43678e-05 	3.6328e-06 	0.0329081
1758.0 	2.47448e-05 	4.02382e-06 	0.0329121
1759.0 	2.35179e-05 	3.49816e-06 	0.0329156
1760.0 	2.42091e-05 	3.93618e-06 	0.0329196
1761.0 	2.31861e-05 	3.42714e-06 	0.032923
1762.0 	2.42827e-05 	3.95306e-06 	0.032927
1763.0 	2.34722e-05 	3.45437e-06 	0.0329304
1764.0 	2.45416e-05 	3.97739e-06 	0.0329344
1765.0 	2.36894e-05 	3.48212e-06 	0.0329379
1766.0 	2.46863e-05 	3.97961e-06 	0.0329419
1767.0 	2.41003e-05 	3.57739e-06 	0.0329454
1768.0 	2.52156e-05 	4.07398e-06 	0.0329495
1769.0 	2.43339e-05 	3.59361e-06 	0.0329531
1770.0 	2.53651e-05 	4.14234e-06 	0.0329572
1771.0 	2.45601e-05 	3.65044e-06 	0.0329609
1772.0 	2.56709e-05 	4.18438e-06 	0.0329651
1773.0 	2.49266e-05 	3.7291e-06 	0.0329688
1774.0 	2.56914e-05 	4.16714e-06 	0.032973
1775.0 	2.50343e-05 	3.77779e-06 	0.0329767
1776.0 	2.61085e-05 	4.28271e-06 	0.032981
1777.0 	2.51938e-05 	3.78056e-06 	0.0329848
1778.0 	2.59972e-05 	4.27588e-06 	0.0329891
1779.0 	2.49387e-05 	3.76319e-06 	0.0329928
1780.0 	2.6048e-05 	4.33307e-06 	0.0329972
1781.0 	2.51456e-05 	3.81975e-06 	0.033001
1782.0 	2.60283e-05 	4.30665e-06 	0.0330053
1783.0 	2.51641e-05 	3.83399e-06 	0.0330091
1784.0 	2.60628e-05 	4.30103e-06 	0.0330134
1785.0 	2.5257e-05 	3.85e-06 	0.0330173
1786.0 	2.62395e-05 	4.3507e-06 	0.0330216
1787.0 	2.55876e-05 	3.94056e-06 	0.0330256
1788.0 	2.67229e-05 	4.4584e-06 	0.03303
1789.0 	2.58023e-05 	3.95349e-06 	0.033034
1790.0 	2.66045e-05 	4.43828e-06 	0.0330384
1791.0 	2.56604e-05 	3.94432e-06 	0.0330424
1792.0 	2.63372e-05 	4.36965e-06 	0.0330467
1793.0 	2.53612e-05 	3.89092e-06 	0.0330506
1794.0 	2.60684e-05 	4.31021e-06 	0.0330549
1795.0 	2.46118e-05 	3.68923e-06 	0.0330586
1796.0 	2.5376e-05 	4.1865e-06 	0.0330628
1797.0 	2.47509e-05 	3.78626e-06 	0.0330666
1798.0 	2.59704e-05 	4.29915e-06 	0.0330709
1799.0 	2.53019e-05 	3.85572e-06 	0.0330748
1800.0 	2.62878e-05 	4.36356e-06 	0.0330791
1801.0 	2.52967e-05 	3.85254e-06 	0.033083
1802.0 	2.62375e-05 	4.37092e-06 	0.0330874
1803.0 	2.52808e-05 	3.88183e-06 	0.0330912
1804.0 	2.6238e-05 	4.38516e-06 	0.0330956
1805.0 	2.50563e-05 	3.82764e-06 	0.0330994
1806.0 	2.54038e-05 	4.2117e-06 	0.0331037
1807.0 	2.42182e-05 	3.72469e-06 	0.0331074
1808.0 	2.49021e-05 	4.15627e-06 	0.0331115
1809.0 	2.38587e-05 	3.65868e-06 	0.0331152
1810.0 	2.46755e-05 	4.14119e-06 	0.0331193
1811.0 	2.35948e-05 	3.59517e-06 	0.0331229
1812.0 	2.45859e-05 	4.13836e-06 	0.0331271
1813.0 	2.3855e-05 	3.65426e-06 	0.0331307
1814.0 	2.49056e-05 	4.15036e-06 	0.0331349
1815.0 	2.39613e-05 	3.61551e-06 	0.0331385
1816.0 	2.48816e-05 	4.10297e-06 	0.0331426
1817.0 	2.38899e-05 	3.56325e-06 	0.0331462
1818.0 	2.50362e-05 	4.10471e-06 	0.0331503
1819.0 	2.44095e-05 	3.62953e-06 	0.0331539
1820.0 	2.53651e-05 	4.0792e-06 	0.033158
1821.0 	2.43617e-05 	3.55445e-06 	0.0331615
1822.0 	2.56787e-05 	4.15412e-06 	0.0331657
1823.0 	2.52613e-05 	3.72419e-06 	0.0331694
1824.0 	2.63419e-05 	4.20089e-06 	0.0331736
1825.0 	2.52248e-05 	3.65116e-06 	0.0331773
1826.0 	2.60456e-05 	4.16345e-06 	0.0331814
1827.0 	2.51454e-05 	3.68125e-06 	0.0331851
1828.0 	2.61673e-05 	4.18873e-06 	0.0331893
1829.0 	2.53728e-05 	3.72149e-06 	0.033193
1830.0 	2.62774e-05 	4.22687e-06 	0.0331972
1831.0 	2.47157e-05 	3.57316e-06 	0.0332008
1832.0 	2.55682e-05 	4.15315e-06 	0.033205
1833.0 	2.49413e-05 	3.75141e-06 	0.0332087
1834.0 	2.60478e-05 	4.27489e-06 	0.033213
1835.0 	2.51224e-05 	3.78354e-06 	0.0332168
1836.0 	2.58903e-05 	4.28412e-06 	0.0332211
1837.0 	2.48974e-05 	3.79837e-06 	0.0332249
1838.0 	2.57571e-05 	4.2947e-06 	0.0332292
1839.0 	2.49959e-05 	3.84426e-06 	0.033233
1840.0 	2.63725e-05 	4.44999e-06 	0.0332374
1841.0 	2.5955e-05 	4.03273e-06 	0.0332415
1842.0 	2.7196e-05 	4.57673e-06 	0.0332461
1843.0 	2.65509e-05 	4.11941e-06 	0.0332502
1844.0 	2.76146e-05 	4.64226e-06 	0.0332548
1845.0 	2.69787e-05 	4.21028e-06 	0.033259
1846.0 	2.77957e-05 	4.64474e-06 	0.0332637
1847.0 	2.69032e-05 	4.17461e-06 	0.0332678
1848.0 	2.764e-05 	4.60719e-06 	0.0332725
1849.0 	2.64812e-05 	4.03568e-06 	0.0332765
1850.0 	2.73756e-05 	4.53055e-06 	0.033281
1851.0 	2.66429e-05 	4.0691e-06 	0.0332851
1852.0 	2.73942e-05 	4.45874e-06 	0.0332896
1853.0 	2.56992e-05 	3.7582e-06 	0.0332933
1854.0 	2.6076e-05 	4.2058e-06 	0.0332975
1855.0 	2.46293e-05 	3.61053e-06 	0.0333011
1856.0 	2.52887e-05 	4.07765e-06 	0.0333052
1857.0 	2.42526e-05 	3.58021e-06 	0.0333088
1858.0 	2.51666e-05 	4.10636e-06 	0.0333129
1859.0 	2.40883e-05 	3.58575e-06 	0.0333165
1860.0 	2.50363e-05 	4.14847e-06 	0.0333206
1861.0 	2.41017e-05 	3.65986e-06 	0.0333243
1862.0 	2.50972e-05 	4.20963e-06 	0.0333285
1863.0 	2.44558e-05 	3.80778e-06 	0.0333323
1864.0 	2.56621e-05 	4.36648e-06 	0.0333367
1865.0 	2.49225e-05 	3.89162e-06 	0.0333406
1866.0 	2.59683e-05 	4.43886e-06 	0.033345
1867.0 	2.51984e-05 	3.97516e-06 	0.033349
1868.0 	2.60194e-05 	4.4404e-06 	0.0333534
1869.0 	2.51875e-05 	3.97331e-06 	0.0333574
1870.0 	2.60026e-05 	4.41196e-06 	0.0333618
1871.0 	2.50529e-05 	3.89354e-06 	0.0333657
1872.0 	2.58398e-05 	4.33165e-06 	0.03337
1873.0 	2.46829e-05 	3.72874e-06 	0.0333738
1874.0 	2.5017e-05 	4.06e-06 	0.0333778
1875.0 	2.35945e-05 	3.44491e-06 	0.0333813
1876.0 	2.47712e-05 	4.02213e-06 	0.0333853
1877.0 	2.42346e-05 	3.54185e-06 	0.0333888
1878.0 	2.56121e-05 	4.09609e-06 	0.0333929
1879.0 	2.49169e-05 	3.58987e-06 	0.0333965
1880.0 	2.61125e-05 	4.14651e-06 	0.0334007
1881.0 	2.54892e-05 	3.6964e-06 	0.0334044
1882.0 	2.67321e-05 	4.26174e-06 	0.0334086
1883.0 	2.60717e-05 	3.80767e-06 	0.0334124
1884.0 	2.70096e-05 	4.31208e-06 	0.0334167
1885.0 	2.60912e-05 	3.83209e-06 	0.0334206
1886.0 	2.65583e-05 	4.23976e-06 	0.0334248
1887.0 	2.50804e-05 	3.66834e-06 	0.0334285
1888.0 	2.57612e-05 	4.16922e-06 	0.0334326
1889.0 	2.44994e-05 	3.60952e-06 	0.0334363
1890.0 	2.53536e-05 	4.15419e-06 	0.0334404
1891.0 	2.4636e-05 	3.71431e-06 	0.0334441
1892.0 	2.5773e-05 	4.27085e-06 	0.0334484
1893.0 	2.45455e-05 	3.65725e-06 	0.033452
1894.0 	2.53457e-05 	4.19934e-06 	0.0334562
1895.0 	2.48977e-05 	3.82461e-06 	0.0334601
1896.0 	2.65102e-05 	4.44184e-06 	0.0334645
1897.0 	2.62353e-05 	4.02368e-06 	0.0334685
1898.0 	2.75576e-05 	4.57252e-06 	0.0334731
1899.0 	2.69018e-05 	4.11525e-06 	0.0334772
1900.0 	2.82745e-05 	4.71846e-06 	0.0334819
1901.0 	2.77282e-05 	4.27217e-06 	0.0334862
1902.0 	2.86104e-05 	4.73461e-06 	0.0334909
1903.0 	2.76589e-05 	4.23711e-06 	0.0334952
1904.0 	2.85572e-05 	4.73456e-06 	0.0334999
1905.0 	2.7373e-05 	4.15741e-06 	0.0335041
1906.0 	2.77448e-05 	4.53243e-06 	0.0335086
1907.0 	2.64549e-05 	3.99385e-06 	0.0335126
1908.0 	2.72568e-05 	4.48711e-06 	0.0335171
1909.0 	2.58998e-05 	3.85902e-06 	0.033521
1910.0 	2.63937e-05 	4.30069e-06 	0.0335253
1911.0 	2.5095e-05 	3.73962e-06 	0.033529
1912.0 	2.55894e-05 	4.17147e-06 	0.0335332
1913.0 	2.44903e-05 	3.66393e-06 	0.0335368
1914.0 	2.52207e-05 	4.13223e-06 	0.033541
1915.0 	2.4277e-05 	3.65043e-06 	0.0335446
1916.0 	2.55581e-05 	4.27209e-06 	0.0335489
1917.0 	2.4931e-05 	3.82097e-06 	0.0335527
1918.0 	2.59483e-05 	4.34976e-06 	0.0335571
1919.0 	2.51314e-05 	3.88074e-06 	0.0335609
1920.0 	2.61623e-05 	4.42594e-06 	0.0335654
1921.0 	2.54455e-05 	3.96005e-06 	0.0335693
1922.0 	2.63116e-05 	4.43721e-06 	0.0335738
1923.0 	2.53468e-05 	3.9297e-06 	0.0335777
1924.0 	2.61843e-05 	4.4129e-06 	0.0335821
1925.0 	2.52411e-05 	3.89878e-06 	0.033586
1926.0 	2.58455e-05 	4.32396e-06 	0.0335903
1927.0 	2.47708e-05 	3.78926e-06 	0.0335941
1928.0 	2.57743e-05 	4.32154e-06 	0.0335984
1929.0 	2.46991e-05 	3.73198e-06 	0.0336022
1930.0 	2.54257e-05 	4.17951e-06 	0.0336063
1931.0 	2.4383e-05 	3.63335e-06 	0.03361
1932.0 	2.54728e-05 	4.16689e-06 	0.0336141
1933.0 	2.46265e-05 	3.62146e-06 	0.0336178
1934.0 	2.58817e-05 	4.19635e-06 	0.033622
1935.0 	2.50202e-05 	3.64662e-06 	0.0336256
1936.0 	2.60606e-05 	4.17053e-06 	0.0336298
1937.0 	2.54072e-05 	3.71758e-06 	0.0336335
1938.0 	2.66586e-05 	4.27251e-06 	0.0336378
1939.0 	2.58854e-05 	3.76731e-06 	0.0336415
1940.0 	2.71469e-05 	4.35499e-06 	0.0336459
1941.0 	2.56317e-05 	3.66003e-06 	0.0336496
1942.0 	2.60686e-05 	4.11509e-06 	0.0336537
1943.0 	2.44778e-05 	3.49e-06 	0.0336572
1944.0 	2.54059e-05 	4.06201e-06 	0.0336612
1945.0 	2.46074e-05 	3.5812e-06 	0.0336648
1946.0 	2.55874e-05 	4.10732e-06 	0.0336689
1947.0 	2.45192e-05 	3.57966e-06 	0.0336725
1948.0 	2.55882e-05 	4.15412e-06 	0.0336766
1949.0 	2.51173e-05 	3.74782e-06 	0.0336804
1950.0 	2.65749e-05 	4.35609e-06 	0.0336847
1951.0 	2.65877e-05 	4.01454e-06 	0.0336888
1952.0 	2.83367e-05 	4.66613e-06 	0.0336934
1953.0 	2.77925e-05 	4.18457e-06 	0.0336976
1954.0 	2.92577e-05 	4.83141e-06 	0.0337024
1955.0 	2.8504e-05 	4.31092e-06 	0.0337068
1956.0 	2.93238e-05 	4.78752e-06 	0.0337115
1957.0 	2.84489e-05 	4.32928e-06 	0.0337159
1958.0 	2.92535e-05 	4.80071e-06 	0.0337207
1959.0 	2.79415e-05 	4.22976e-06 	0.0337249
1960.0 	2.814e-05 	4.61014e-06 	0.0337295
1961.0 	2.62284e-05 	3.94712e-06 	0.0337335
1962.0 	2.63299e-05 	4.36938e-06 	0.0337378
1963.0 	2.50588e-05 	3.84608e-06 	0.0337417
1964.0 	2.59755e-05 	4.38679e-06 	0.0337461
1965.0 	2.45577e-05 	3.72248e-06 	0.0337498
1966.0 	2.54627e-05 	4.2855e-06 	0.0337541
1967.0 	2.49885e-05 	3.86888e-06 	0.0337579
1968.0 	2.61073e-05 	4.35533e-06 	0.0337623
1969.0 	2.54867e-05 	3.89756e-06 	0.0337662
1970.0 	2.68528e-05 	4.50302e-06 	0.0337707
1971.0 	2.63749e-05 	4.06016e-06 	0.0337748
1972.0 	2.73518e-05 	4.53521e-06 	0.0337793
1973.0 	2.6398e-05 	4.03257e-06 	0.0337833
1974.0 	2.73299e-05 	4.5602e-06 	0.0337879
1975.0 	2.62964e-05 	4.01078e-06 	0.0337919
1976.0 	2.70163e-05 	4.46635e-06 	0.0337964
1977.0 	2.54765e-05 	3.81049e-06 	0.0338002
1978.0 	2.63682e-05 	4.38133e-06 	0.0338045
1979.0 	2.53719e-05 	3.84036e-06 	0.0338084
1980.0 	2.60886e-05 	4.29172e-06 	0.0338127
1981.0 	2.46654e-05 	3.671e-06 	0.0338164
1982.0 	2.53191e-05 	4.17772e-06 	0.0338205
1983.0 	2.39821e-05 	3.56005e-06 	0.0338241
1984.0 	2.48627e-05 	4.09253e-06 	0.0338282
1985.0 	2.38733e-05 	3.53207e-06 	0.0338317
1986.0 	2.49245e-05 	4.07233e-06 	0.0338358
1987.0 	2.41217e-05 	3.55066e-06 	0.0338393
1988.0 	2.53898e-05 	4.13552e-06 	0.0338435
1989.0 	2.46453e-05 	3.61995e-06 	0.0338471
1990.0 	2.61202e-05 	4.26111e-06 	0.0338514
1991.0 	2.57155e-05 	3.80954e-06 	0.0338552
1992.0 	2.68684e-05 	4.32919e-06 	0.0338595
1993.0 	2.59791e-05 	3.80991e-06 	0.0338633
1994.0 	2.69847e-05 	4.35329e-06 	0.0338677
1995.0 	2.57258e-05 	3.74772e-06 	0.0338714
1996.0 	2.67411e-05 	4.32713e-06 	0.0338757
1997.0 	2.53092e-05 	3.66429e-06 	0.0338794
1998.0 	2.58252e-05 	4.13755e-06 	0.0338835
1999.0 	2.49941e-05 	3.67784e-06 	0.0338872
2000.0 	2.63857e-05 	4.28756e-06 	0.0338915
