# time 	cumulated 	delta
121.0 	3.47 	3.47
122.0 	4.31 	0.8399999999999994
123.0 	5.2 	0.8900000000000006
124.0 	6.03 	0.8300000000000001
125.0 	6.86 	0.8300000000000001
126.0 	7.68 	0.8199999999999994
127.0 	8.52 	0.8399999999999999
128.0 	9.35 	0.8300000000000001
129.0 	10.17 	0.8200000000000003
130.0 	10.99 	0.8200000000000003
131.0 	11.81 	0.8200000000000003
132.0 	12.64 	0.8300000000000001
133.0 	13.5 	0.8599999999999994
134.0 	14.36 	0.8599999999999994
135.0 	15.19 	0.8300000000000001
136.0 	16.02 	0.8300000000000001
137.0 	16.84 	0.8200000000000003
138.0 	17.67 	0.8300000000000018
139.0 	18.5 	0.8299999999999983
140.0 	20.72 	2.219999999999999
141.0 	21.57 	0.8500000000000014
142.0 	22.56 	0.9899999999999984
143.0 	23.4 	0.8399999999999999
144.0 	24.22 	0.8200000000000003
145.0 	25.05 	0.8300000000000018
146.0 	25.87 	0.8200000000000003
147.0 	26.69 	0.8200000000000003
148.0 	27.52 	0.8299999999999983
149.0 	28.34 	0.8200000000000003
150.0 	29.16 	0.8200000000000003
151.0 	29.99 	0.8299999999999983
152.0 	30.87 	0.8800000000000026
153.0 	31.7 	0.8299999999999983
154.0 	32.54 	0.8399999999999999
155.0 	33.37 	0.8299999999999983
156.0 	34.19 	0.8200000000000003
157.0 	35.01 	0.8200000000000003
158.0 	35.84 	0.8300000000000054
159.0 	36.67 	0.8299999999999983
160.0 	38.82 	2.1499999999999986
161.0 	39.92 	1.1000000000000014
162.0 	40.76 	0.8399999999999963
163.0 	41.59 	0.8300000000000054
164.0 	42.52 	0.9299999999999997
165.0 	43.39 	0.8699999999999974
166.0 	44.21 	0.8200000000000003
167.0 	45.06 	0.8500000000000014
168.0 	45.9 	0.8399999999999963
169.0 	46.72 	0.8200000000000003
170.0 	47.53 	0.8100000000000023
171.0 	48.33 	0.7999999999999972
172.0 	49.15 	0.8200000000000003
173.0 	49.96 	0.8100000000000023
174.0 	50.78 	0.8200000000000003
175.0 	51.59 	0.8100000000000023
176.0 	52.4 	0.8099999999999952
177.0 	53.21 	0.8100000000000023
178.0 	54.03 	0.8200000000000003
179.0 	54.84 	0.8100000000000023
180.0 	55.65 	0.8099999999999952
181.0 	56.5 	0.8500000000000014
182.0 	57.33 	0.8299999999999983
183.0 	58.14 	0.8100000000000023
184.0 	58.97 	0.8299999999999983
185.0 	59.8 	0.8299999999999983
186.0 	60.66 	0.8599999999999994
187.0 	61.47 	0.8100000000000023
188.0 	62.28 	0.8100000000000023
189.0 	63.15 	0.8699999999999974
190.0 	63.97 	0.8200000000000003
191.0 	64.78 	0.8100000000000023
192.0 	65.59 	0.8100000000000023
193.0 	66.4 	0.8100000000000023
194.0 	67.22 	0.8199999999999932
195.0 	68.03 	0.8100000000000023
196.0 	68.84 	0.8100000000000023
197.0 	69.66 	0.8199999999999932
198.0 	70.49 	0.8299999999999983
199.0 	71.32 	0.8299999999999983
200.0 	73.34 	2.0200000000000102
201.0 	74.21 	0.8699999999999903
202.0 	75.11 	0.9000000000000057
203.0 	75.98 	0.8700000000000045
204.0 	76.81 	0.8299999999999983
205.0 	77.64 	0.8299999999999983
206.0 	78.46 	0.8199999999999932
207.0 	79.29 	0.8300000000000125
208.0 	80.12 	0.8299999999999983
209.0 	80.96 	0.8399999999999892
210.0 	81.8 	0.8400000000000034
211.0 	82.64 	0.8400000000000034
212.0 	83.47 	0.8299999999999983
213.0 	84.29 	0.8200000000000074
214.0 	85.12 	0.8299999999999983
215.0 	85.94 	0.8199999999999932
216.0 	86.77 	0.8299999999999983
217.0 	87.6 	0.8299999999999983
218.0 	88.42 	0.8200000000000074
219.0 	89.26 	0.8400000000000034
220.0 	90.08 	0.8199999999999932
221.0 	90.9 	0.8200000000000074
222.0 	91.74 	0.8399999999999892
223.0 	92.6 	0.8599999999999994
224.0 	93.44 	0.8400000000000034
225.0 	94.29 	0.8500000000000085
226.0 	95.14 	0.8499999999999943
227.0 	95.97 	0.8299999999999983
228.0 	96.8 	0.8299999999999983
229.0 	97.63 	0.8299999999999983
230.0 	98.47 	0.8400000000000034
231.0 	99.3 	0.8299999999999983
232.0 	100.14 	0.8400000000000034
233.0 	100.98 	0.8400000000000034
234.0 	101.82 	0.8399999999999892
235.0 	102.65 	0.8300000000000125
236.0 	103.48 	0.8299999999999983
237.0 	104.32 	0.8399999999999892
238.0 	105.17 	0.8500000000000085
239.0 	106.01 	0.8400000000000034
240.0 	106.84 	0.8299999999999983
241.0 	107.68 	0.8400000000000034
242.0 	108.59 	0.9099999999999966
243.0 	109.46 	0.8699999999999903
244.0 	110.29 	0.8300000000000125
245.0 	111.12 	0.8299999999999983
246.0 	111.96 	0.8399999999999892
247.0 	112.79 	0.8300000000000125
248.0 	113.62 	0.8299999999999983
249.0 	114.46 	0.8399999999999892
250.0 	115.29 	0.8300000000000125
251.0 	116.13 	0.8399999999999892
252.0 	116.95 	0.8200000000000074
253.0 	117.78 	0.8299999999999983
254.0 	118.61 	0.8299999999999983
255.0 	119.46 	0.8499999999999943
256.0 	120.3 	0.8400000000000034
257.0 	121.13 	0.8299999999999983
258.0 	121.96 	0.8299999999999983
259.0 	122.8 	0.8400000000000034
260.0 	123.63 	0.8299999999999983
261.0 	124.46 	0.8299999999999983
262.0 	125.3 	0.8400000000000034
263.0 	126.14 	0.8400000000000034
264.0 	126.97 	0.8299999999999983
265.0 	127.8 	0.8299999999999983
266.0 	128.65 	0.8500000000000085
267.0 	129.52 	0.8700000000000045
268.0 	130.41 	0.8899999999999864
269.0 	131.25 	0.8400000000000034
270.0 	132.09 	0.8400000000000034
271.0 	132.94 	0.8499999999999943
272.0 	133.78 	0.8400000000000034
273.0 	134.65 	0.8700000000000045
274.0 	135.51 	0.8599999999999852
275.0 	136.53 	1.0200000000000102
276.0 	137.53 	1.0
277.0 	138.45 	0.9199999999999875
278.0 	139.29 	0.8400000000000034
279.0 	140.11 	0.8200000000000216
280.0 	140.94 	0.8299999999999841
281.0 	141.78 	0.8400000000000034
282.0 	142.62 	0.8400000000000034
283.0 	143.52 	0.9000000000000057
284.0 	144.35 	0.8299999999999841
285.0 	145.17 	0.8199999999999932
286.0 	146.0 	0.8300000000000125
287.0 	146.83 	0.8300000000000125
288.0 	147.66 	0.8299999999999841
289.0 	148.48 	0.8199999999999932
290.0 	149.32 	0.8400000000000034
291.0 	150.18 	0.8600000000000136
292.0 	151.01 	0.8299999999999841
293.0 	151.84 	0.8300000000000125
294.0 	152.67 	0.8299999999999841
295.0 	153.51 	0.8400000000000034
296.0 	154.34 	0.8300000000000125
297.0 	155.19 	0.8499999999999943
298.0 	156.03 	0.8400000000000034
299.0 	156.86 	0.8300000000000125
300.0 	157.69 	0.8299999999999841
301.0 	158.51 	0.8199999999999932
302.0 	159.34 	0.8300000000000125
303.0 	160.16 	0.8199999999999932
304.0 	160.98 	0.8199999999999932
305.0 	161.83 	0.8500000000000227
306.0 	162.67 	0.839999999999975
307.0 	163.53 	0.8600000000000136
308.0 	164.35 	0.8199999999999932
309.0 	165.31 	0.960000000000008
310.0 	166.15 	0.8400000000000034
311.0 	166.99 	0.8400000000000034
312.0 	167.83 	0.8400000000000034
313.0 	168.72 	0.8899999999999864
314.0 	169.56 	0.8400000000000034
315.0 	170.4 	0.8400000000000034
316.0 	171.24 	0.8400000000000034
317.0 	172.08 	0.8400000000000034
318.0 	172.91 	0.8299999999999841
319.0 	173.75 	0.8400000000000034
320.0 	174.58 	0.8300000000000125
321.0 	175.41 	0.8299999999999841
322.0 	176.24 	0.8300000000000125
323.0 	177.07 	0.8299999999999841
324.0 	177.91 	0.8400000000000034
325.0 	178.74 	0.8300000000000125
326.0 	179.58 	0.8400000000000034
327.0 	180.41 	0.8299999999999841
328.0 	181.23 	0.8199999999999932
329.0 	182.06 	0.8300000000000125
330.0 	182.89 	0.8299999999999841
331.0 	183.72 	0.8300000000000125
332.0 	184.56 	0.8400000000000034
333.0 	185.38 	0.8199999999999932
334.0 	186.21 	0.8300000000000125
335.0 	187.05 	0.8400000000000034
336.0 	187.91 	0.8599999999999852
337.0 	188.75 	0.8400000000000034
338.0 	189.58 	0.8300000000000125
339.0 	190.41 	0.8299999999999841
340.0 	191.26 	0.8499999999999943
341.0 	192.09 	0.8300000000000125
342.0 	192.93 	0.8400000000000034
343.0 	193.76 	0.8299999999999841
344.0 	194.58 	0.8200000000000216
345.0 	195.41 	0.8299999999999841
346.0 	196.24 	0.8300000000000125
347.0 	197.08 	0.8400000000000034
348.0 	197.92 	0.839999999999975
349.0 	198.75 	0.8300000000000125
350.0 	199.57 	0.8199999999999932
351.0 	200.41 	0.8400000000000034
352.0 	201.23 	0.8199999999999932
353.0 	202.06 	0.8300000000000125
354.0 	202.9 	0.8400000000000034
355.0 	203.73 	0.8299999999999841
356.0 	204.56 	0.8300000000000125
357.0 	205.39 	0.8299999999999841
358.0 	206.22 	0.8300000000000125
359.0 	207.05 	0.8300000000000125
360.0 	207.91 	0.8599999999999852
361.0 	208.75 	0.8400000000000034
362.0 	209.58 	0.8300000000000125
363.0 	210.41 	0.8299999999999841
364.0 	211.24 	0.8300000000000125
365.0 	212.09 	0.8499999999999943
366.0 	212.91 	0.8199999999999932
367.0 	213.75 	0.8400000000000034
368.0 	214.57 	0.8199999999999932
369.0 	215.42 	0.8499999999999943
370.0 	216.24 	0.8200000000000216
371.0 	217.08 	0.8400000000000034
372.0 	217.9 	0.8199999999999932
373.0 	218.75 	0.8499999999999943
374.0 	219.58 	0.8300000000000125
375.0 	220.42 	0.839999999999975
376.0 	221.27 	0.8500000000000227
377.0 	222.11 	0.8400000000000034
378.0 	222.94 	0.8299999999999841
379.0 	223.78 	0.8400000000000034
380.0 	224.6 	0.8199999999999932
381.0 	225.44 	0.8400000000000034
382.0 	226.26 	0.8199999999999932
383.0 	227.11 	0.8500000000000227
384.0 	227.96 	0.8499999999999943
385.0 	228.81 	0.8499999999999943
386.0 	229.65 	0.8400000000000034
387.0 	230.5 	0.8499999999999943
388.0 	231.35 	0.8499999999999943
389.0 	232.19 	0.8400000000000034
390.0 	233.02 	0.8300000000000125
391.0 	233.86 	0.8400000000000034
392.0 	234.7 	0.839999999999975
393.0 	235.54 	0.8400000000000034
394.0 	236.38 	0.8400000000000034
395.0 	237.26 	0.8799999999999955
396.0 	238.09 	0.8300000000000125
397.0 	238.94 	0.8499999999999943
398.0 	239.78 	0.8400000000000034
399.0 	240.61 	0.8300000000000125
400.0 	242.67 	2.059999999999974
401.0 	243.51 	0.8400000000000034
402.0 	244.35 	0.8400000000000034
403.0 	245.19 	0.8400000000000034
404.0 	246.02 	0.8300000000000125
405.0 	246.85 	0.8299999999999841
406.0 	247.69 	0.8400000000000034
407.0 	248.52 	0.8300000000000125
408.0 	249.34 	0.8199999999999932
409.0 	250.2 	0.8599999999999852
410.0 	251.03 	0.8300000000000125
411.0 	251.86 	0.8300000000000125
412.0 	252.69 	0.8299999999999841
413.0 	253.53 	0.8400000000000034
414.0 	254.36 	0.8300000000000125
415.0 	255.19 	0.8299999999999841
416.0 	256.03 	0.839999999999975
417.0 	256.86 	0.8300000000000409
418.0 	257.69 	0.8299999999999841
419.0 	258.53 	0.839999999999975
420.0 	259.36 	0.8300000000000409
421.0 	260.19 	0.8299999999999841
422.0 	261.03 	0.839999999999975
423.0 	261.86 	0.8300000000000409
424.0 	262.69 	0.8299999999999841
425.0 	263.53 	0.839999999999975
426.0 	264.36 	0.8300000000000409
427.0 	265.2 	0.839999999999975
428.0 	266.03 	0.8299999999999841
429.0 	266.87 	0.8400000000000318
430.0 	267.72 	0.8500000000000227
431.0 	268.56 	0.839999999999975
432.0 	269.38 	0.8199999999999932
433.0 	270.21 	0.8299999999999841
434.0 	271.04 	0.8300000000000409
435.0 	271.88 	0.839999999999975
436.0 	272.71 	0.8299999999999841
437.0 	273.55 	0.8400000000000318
438.0 	274.37 	0.8199999999999932
439.0 	275.22 	0.8500000000000227
440.0 	276.04 	0.8199999999999932
441.0 	276.88 	0.839999999999975
442.0 	277.71 	0.8299999999999841
443.0 	278.55 	0.8400000000000318
444.0 	279.42 	0.8700000000000045
445.0 	280.29 	0.8700000000000045
446.0 	281.15 	0.8599999999999568
447.0 	281.99 	0.8400000000000318
448.0 	282.83 	0.839999999999975
449.0 	283.67 	0.8400000000000318
450.0 	284.5 	0.8299999999999841
451.0 	285.33 	0.8299999999999841
452.0 	286.16 	0.8300000000000409
453.0 	287.0 	0.839999999999975
454.0 	287.82 	0.8199999999999932
455.0 	288.66 	0.8400000000000318
456.0 	289.5 	0.839999999999975
457.0 	290.34 	0.839999999999975
458.0 	291.17 	0.8300000000000409
459.0 	292.0 	0.8299999999999841
460.0 	292.84 	0.839999999999975
461.0 	293.69 	0.8500000000000227
462.0 	294.53 	0.839999999999975
463.0 	295.41 	0.8800000000000523
464.0 	296.27 	0.8599999999999568
465.0 	297.13 	0.8600000000000136
466.0 	297.98 	0.8500000000000227
467.0 	298.82 	0.839999999999975
468.0 	299.66 	0.8400000000000318
469.0 	300.5 	0.839999999999975
470.0 	301.36 	0.8600000000000136
471.0 	302.2 	0.839999999999975
472.0 	303.04 	0.8400000000000318
473.0 	303.88 	0.839999999999975
474.0 	304.72 	0.8400000000000318
475.0 	305.74 	1.0199999999999818
476.0 	306.59 	0.8499999999999659
477.0 	307.44 	0.8500000000000227
478.0 	308.29 	0.8500000000000227
479.0 	309.15 	0.8599999999999568
480.0 	309.99 	0.8400000000000318
481.0 	310.91 	0.9200000000000159
482.0 	311.76 	0.8499999999999659
483.0 	312.6 	0.8400000000000318
484.0 	313.44 	0.839999999999975
485.0 	314.28 	0.839999999999975
486.0 	315.11 	0.8300000000000409
487.0 	315.96 	0.8499999999999659
488.0 	316.8 	0.8400000000000318
489.0 	317.74 	0.9399999999999977
490.0 	318.59 	0.8499999999999659
491.0 	319.43 	0.8400000000000318
492.0 	320.28 	0.8499999999999659
493.0 	321.13 	0.8500000000000227
494.0 	321.96 	0.8299999999999841
495.0 	322.81 	0.8500000000000227
496.0 	323.64 	0.8299999999999841
497.0 	324.48 	0.8400000000000318
498.0 	325.31 	0.8299999999999841
499.0 	326.15 	0.839999999999975
500.0 	326.99 	0.8400000000000318
501.0 	327.82 	0.8299999999999841
502.0 	328.67 	0.8500000000000227
503.0 	329.5 	0.8299999999999841
504.0 	330.35 	0.8500000000000227
505.0 	331.21 	0.8599999999999568
506.0 	332.05 	0.8400000000000318
507.0 	332.88 	0.8299999999999841
508.0 	333.7 	0.8199999999999932
509.0 	334.54 	0.8400000000000318
510.0 	335.36 	0.8199999999999932
511.0 	336.19 	0.8299999999999841
512.0 	337.01 	0.8199999999999932
513.0 	337.83 	0.8199999999999932
514.0 	338.65 	0.8199999999999932
515.0 	339.48 	0.8300000000000409
516.0 	340.3 	0.8199999999999932
517.0 	341.14 	0.839999999999975
518.0 	341.97 	0.8300000000000409
519.0 	342.8 	0.8299999999999841
520.0 	343.63 	0.8299999999999841
521.0 	344.64 	1.009999999999991
522.0 	345.47 	0.8300000000000409
523.0 	346.29 	0.8199999999999932
524.0 	347.11 	0.8199999999999932
525.0 	347.93 	0.8199999999999932
526.0 	348.76 	0.8299999999999841
527.0 	349.63 	0.8700000000000045
528.0 	350.46 	0.8299999999999841
529.0 	351.28 	0.8199999999999932
530.0 	352.15 	0.8700000000000045
531.0 	352.99 	0.8400000000000318
532.0 	353.8 	0.8100000000000023
533.0 	354.62 	0.8199999999999932
534.0 	355.44 	0.8199999999999932
535.0 	356.26 	0.8199999999999932
536.0 	357.07 	0.8100000000000023
537.0 	357.89 	0.8199999999999932
538.0 	358.72 	0.8300000000000409
539.0 	359.55 	0.8299999999999841
540.0 	360.36 	0.8100000000000023
541.0 	361.19 	0.8299999999999841
542.0 	362.01 	0.8199999999999932
543.0 	362.83 	0.8199999999999932
544.0 	363.65 	0.8199999999999932
545.0 	364.47 	0.82000000000005
546.0 	365.28 	0.8099999999999454
547.0 	366.1 	0.82000000000005
548.0 	366.92 	0.8199999999999932
549.0 	367.74 	0.8199999999999932
550.0 	368.56 	0.8199999999999932
551.0 	369.38 	0.8199999999999932
552.0 	370.21 	0.8299999999999841
553.0 	371.03 	0.8199999999999932
554.0 	371.85 	0.82000000000005
555.0 	372.66 	0.8100000000000023
556.0 	373.48 	0.8199999999999932
557.0 	374.31 	0.8299999999999841
558.0 	375.13 	0.8199999999999932
559.0 	375.95 	0.8199999999999932
560.0 	376.77 	0.8199999999999932
561.0 	377.59 	0.8199999999999932
562.0 	378.41 	0.82000000000005
563.0 	379.24 	0.8299999999999841
564.0 	380.06 	0.8199999999999932
565.0 	380.88 	0.8199999999999932
566.0 	381.7 	0.8199999999999932
567.0 	382.51 	0.8100000000000023
568.0 	383.33 	0.8199999999999932
569.0 	384.15 	0.8199999999999932
570.0 	384.97 	0.82000000000005
571.0 	385.79 	0.8199999999999932
572.0 	386.62 	0.8299999999999841
573.0 	387.44 	0.8199999999999932
574.0 	388.26 	0.8199999999999932
575.0 	389.07 	0.8100000000000023
576.0 	389.89 	0.8199999999999932
577.0 	390.71 	0.8199999999999932
578.0 	391.53 	0.8199999999999932
579.0 	392.36 	0.8300000000000409
580.0 	393.18 	0.8199999999999932
581.0 	394.0 	0.8199999999999932
582.0 	394.82 	0.8199999999999932
583.0 	395.64 	0.8199999999999932
584.0 	396.46 	0.8199999999999932
585.0 	397.28 	0.8199999999999932
586.0 	398.1 	0.82000000000005
587.0 	398.93 	0.8299999999999841
588.0 	399.74 	0.8100000000000023
589.0 	400.56 	0.8199999999999932
590.0 	401.38 	0.8199999999999932
591.0 	402.19 	0.8100000000000023
592.0 	403.01 	0.8199999999999932
593.0 	403.83 	0.8199999999999932
594.0 	404.65 	0.8199999999999932
595.0 	405.47 	0.82000000000005
596.0 	406.29 	0.8199999999999932
597.0 	407.11 	0.8199999999999932
598.0 	407.93 	0.8199999999999932
599.0 	408.75 	0.8199999999999932
600.0 	411.26 	2.509999999999991
601.0 	412.46 	1.1999999999999886
602.0 	413.28 	0.8199999999999932
603.0 	414.12 	0.8400000000000318
604.0 	414.94 	0.8199999999999932
605.0 	415.76 	0.8199999999999932
606.0 	416.58 	0.8199999999999932
607.0 	417.4 	0.8199999999999932
608.0 	418.21 	0.8100000000000023
609.0 	419.02 	0.8100000000000023
610.0 	419.86 	0.8400000000000318
611.0 	420.68 	0.8199999999999932
612.0 	421.5 	0.8199999999999932
613.0 	422.34 	0.839999999999975
614.0 	423.2 	0.8600000000000136
615.0 	424.06 	0.8600000000000136
616.0 	424.88 	0.8199999999999932
617.0 	425.7 	0.8199999999999932
618.0 	426.52 	0.8199999999999932
619.0 	427.33 	0.8100000000000023
620.0 	428.15 	0.8199999999999932
621.0 	428.96 	0.8100000000000023
622.0 	429.78 	0.8199999999999932
623.0 	430.59 	0.8100000000000023
624.0 	431.41 	0.82000000000005
625.0 	432.23 	0.8199999999999932
626.0 	433.04 	0.8100000000000023
627.0 	433.86 	0.8199999999999932
628.0 	434.68 	0.8199999999999932
629.0 	435.49 	0.8100000000000023
630.0 	436.31 	0.8199999999999932
631.0 	437.13 	0.8199999999999932
632.0 	437.95 	0.8199999999999932
633.0 	438.76 	0.8100000000000023
634.0 	439.58 	0.8199999999999932
635.0 	440.4 	0.8199999999999932
636.0 	441.21 	0.8100000000000023
637.0 	442.03 	0.8199999999999932
638.0 	442.84 	0.8100000000000023
639.0 	443.66 	0.82000000000005
640.0 	444.48 	0.8199999999999932
641.0 	445.29 	0.8100000000000023
642.0 	446.11 	0.8199999999999932
643.0 	446.92 	0.8100000000000023
644.0 	447.75 	0.8299999999999841
645.0 	448.57 	0.8199999999999932
646.0 	449.38 	0.8100000000000023
647.0 	450.2 	0.8199999999999932
648.0 	451.02 	0.8199999999999932
649.0 	451.84 	0.8199999999999932
650.0 	452.67 	0.8300000000000409
651.0 	453.5 	0.8299999999999841
652.0 	454.32 	0.8199999999999932
653.0 	455.15 	0.8299999999999841
654.0 	455.97 	0.82000000000005
655.0 	456.78 	0.8099999999999454
656.0 	457.61 	0.8300000000000409
657.0 	458.42 	0.8100000000000023
658.0 	459.25 	0.8299999999999841
659.0 	460.07 	0.8199999999999932
660.0 	460.88 	0.8100000000000023
661.0 	461.7 	0.8199999999999932
662.0 	462.53 	0.8299999999999841
663.0 	463.35 	0.82000000000005
664.0 	464.16 	0.8100000000000023
665.0 	465.0 	0.839999999999975
666.0 	465.83 	0.8299999999999841
667.0 	466.65 	0.8199999999999932
668.0 	467.5 	0.8500000000000227
669.0 	468.34 	0.839999999999975
670.0 	469.16 	0.82000000000005
671.0 	469.99 	0.8299999999999841
672.0 	470.81 	0.8199999999999932
673.0 	471.63 	0.8199999999999932
674.0 	472.45 	0.8199999999999932
675.0 	473.28 	0.8299999999999841
676.0 	474.1 	0.82000000000005
677.0 	474.92 	0.8199999999999932
678.0 	475.8 	0.8799999999999955
679.0 	476.65 	0.8499999999999659
680.0 	477.47 	0.82000000000005
681.0 	478.3 	0.8299999999999841
682.0 	479.13 	0.8299999999999841
683.0 	479.97 	0.8400000000000318
684.0 	480.79 	0.8199999999999932
685.0 	481.62 	0.8299999999999841
686.0 	482.45 	0.8299999999999841
687.0 	483.27 	0.8199999999999932
688.0 	484.1 	0.8300000000000409
689.0 	484.94 	0.839999999999975
690.0 	485.77 	0.8299999999999841
691.0 	486.62 	0.8500000000000227
692.0 	487.48 	0.8600000000000136
693.0 	488.31 	0.8299999999999841
694.0 	489.13 	0.8199999999999932
695.0 	489.96 	0.8299999999999841
696.0 	490.79 	0.8300000000000409
697.0 	491.61 	0.8199999999999932
698.0 	492.44 	0.8299999999999841
699.0 	493.26 	0.8199999999999932
700.0 	494.09 	0.8299999999999841
701.0 	494.92 	0.8300000000000409
702.0 	495.75 	0.8299999999999841
703.0 	496.63 	0.8799999999999955
704.0 	497.47 	0.8400000000000318
705.0 	498.29 	0.8199999999999932
706.0 	499.12 	0.8299999999999841
707.0 	499.98 	0.8600000000000136
708.0 	500.83 	0.8499999999999659
709.0 	501.65 	0.8199999999999932
710.0 	502.47 	0.82000000000005
711.0 	503.29 	0.8199999999999932
712.0 	504.13 	0.839999999999975
713.0 	504.95 	0.8199999999999932
714.0 	505.78 	0.8299999999999841
715.0 	506.6 	0.82000000000005
716.0 	507.42 	0.8199999999999932
717.0 	508.25 	0.8299999999999841
718.0 	509.07 	0.8199999999999932
719.0 	509.89 	0.8199999999999932
720.0 	510.72 	0.8300000000000409
721.0 	511.55 	0.8299999999999841
722.0 	512.38 	0.8299999999999841
723.0 	513.2 	0.82000000000005
724.0 	514.03 	0.8299999999999272
725.0 	514.88 	0.8500000000000227
726.0 	515.46 	0.5800000000000409
727.0 	515.96 	0.5
728.0 	516.48 	0.5199999999999818
729.0 	517.0 	0.5199999999999818
730.0 	517.55 	0.5499999999999545
731.0 	518.06 	0.5099999999999909
732.0 	518.56 	0.5
733.0 	519.08 	0.5200000000000955
734.0 	519.59 	0.5099999999999909
735.0 	520.09 	0.5
736.0 	520.61 	0.5199999999999818
737.0 	521.12 	0.5099999999999909
738.0 	521.62 	0.5
739.0 	522.13 	0.5099999999999909
740.0 	522.63 	0.5
741.0 	523.14 	0.5099999999999909
742.0 	523.65 	0.5099999999999909
743.0 	524.16 	0.5099999999999909
744.0 	524.66 	0.5
745.0 	525.17 	0.5099999999999909
746.0 	525.68 	0.5099999999999909
747.0 	526.18 	0.5
748.0 	526.69 	0.5100000000001046
749.0 	527.22 	0.5299999999999727
750.0 	527.76 	0.5399999999999636
751.0 	528.27 	0.5099999999999909
752.0 	528.77 	0.5
753.0 	529.27 	0.5
754.0 	529.77 	0.5
755.0 	530.28 	0.5099999999999909
756.0 	530.78 	0.5
757.0 	531.28 	0.5
758.0 	531.78 	0.5
759.0 	532.29 	0.5099999999999909
760.0 	532.79 	0.5
761.0 	533.3 	0.5099999999999909
762.0 	533.8 	0.5
763.0 	534.32 	0.5200000000000955
764.0 	534.83 	0.5099999999999909
765.0 	535.33 	0.5
766.0 	535.84 	0.5099999999999909
767.0 	536.34 	0.5
768.0 	536.85 	0.5099999999999909
769.0 	537.35 	0.5
770.0 	537.86 	0.5099999999999909
771.0 	538.37 	0.5099999999999909
772.0 	538.87 	0.5
773.0 	539.37 	0.5
774.0 	539.87 	0.5
775.0 	540.37 	0.5
776.0 	540.87 	0.5
777.0 	541.37 	0.5
778.0 	541.88 	0.5099999999999909
779.0 	542.39 	0.5099999999999909
780.0 	542.89 	0.5
781.0 	543.4 	0.5099999999999909
782.0 	543.9 	0.5
783.0 	544.41 	0.5099999999999909
784.0 	544.93 	0.5199999999999818
785.0 	545.44 	0.5100000000001046
786.0 	545.95 	0.5099999999999909
787.0 	546.45 	0.5
788.0 	546.97 	0.5199999999999818
789.0 	547.47 	0.5
790.0 	547.98 	0.5099999999999909
791.0 	548.49 	0.5099999999999909
792.0 	548.99 	0.5
793.0 	549.5 	0.5099999999999909
794.0 	550.02 	0.5199999999999818
795.0 	550.53 	0.5099999999999909
796.0 	551.04 	0.5099999999999909
797.0 	551.54 	0.5
798.0 	552.05 	0.5099999999999909
799.0 	552.55 	0.5
800.0 	553.84 	1.2900000000000773
801.0 	554.36 	0.5199999999999818
802.0 	554.87 	0.5099999999999909
803.0 	555.38 	0.5099999999999909
804.0 	555.88 	0.5
805.0 	556.38 	0.5
806.0 	556.9 	0.5199999999999818
807.0 	557.42 	0.5199999999999818
808.0 	557.92 	0.5
809.0 	558.43 	0.5099999999999909
810.0 	558.94 	0.5100000000001046
811.0 	559.48 	0.5399999999999636
812.0 	560.0 	0.5199999999999818
813.0 	560.52 	0.5199999999999818
814.0 	561.05 	0.5299999999999727
815.0 	561.56 	0.5099999999999909
816.0 	562.06 	0.5
817.0 	562.57 	0.5100000000001046
818.0 	563.09 	0.5199999999999818
819.0 	563.59 	0.5
820.0 	564.09 	0.5
821.0 	564.6 	0.5099999999999909
822.0 	565.1 	0.5
823.0 	565.61 	0.5099999999999909
824.0 	566.12 	0.5099999999999909
825.0 	566.62 	0.5
826.0 	567.13 	0.5099999999999909
827.0 	567.63 	0.5
828.0 	568.14 	0.5099999999999909
829.0 	568.64 	0.5
830.0 	569.14 	0.5
831.0 	569.65 	0.5099999999999909
832.0 	570.15 	0.5
833.0 	570.66 	0.5099999999999909
834.0 	571.19 	0.5300000000000864
835.0 	571.71 	0.5199999999999818
836.0 	572.24 	0.5299999999999727
837.0 	572.75 	0.5099999999999909
838.0 	573.26 	0.5099999999999909
839.0 	573.78 	0.5199999999999818
840.0 	574.3 	0.5199999999999818
841.0 	574.83 	0.5300000000000864
842.0 	575.36 	0.5299999999999727
843.0 	575.86 	0.5
844.0 	576.37 	0.5099999999999909
845.0 	576.88 	0.5099999999999909
846.0 	577.39 	0.5099999999999909
847.0 	577.89 	0.5
848.0 	578.4 	0.5099999999999909
849.0 	578.9 	0.5
850.0 	579.42 	0.5199999999999818
851.0 	579.93 	0.5099999999999909
852.0 	580.44 	0.5100000000001046
853.0 	581.0 	0.5599999999999454
854.0 	581.54 	0.5399999999999636
855.0 	582.06 	0.5199999999999818
856.0 	582.58 	0.5200000000000955
857.0 	583.11 	0.5299999999999727
858.0 	583.62 	0.5099999999999909
859.0 	584.13 	0.5099999999999909
860.0 	584.66 	0.5299999999999727
861.0 	585.17 	0.5099999999999909
862.0 	585.68 	0.5099999999999909
863.0 	586.19 	0.5100000000001046
864.0 	586.7 	0.5099999999999909
865.0 	587.21 	0.5099999999999909
866.0 	587.71 	0.5
867.0 	588.22 	0.5099999999999909
868.0 	588.72 	0.5
869.0 	589.23 	0.5099999999999909
870.0 	589.73 	0.5
871.0 	590.24 	0.5099999999999909
872.0 	590.75 	0.5099999999999909
873.0 	591.25 	0.5
874.0 	591.76 	0.5099999999999909
875.0 	592.27 	0.5099999999999909
876.0 	592.79 	0.5199999999999818
877.0 	593.29 	0.5
878.0 	593.8 	0.5099999999999909
879.0 	594.31 	0.5099999999999909
880.0 	594.82 	0.5100000000001046
881.0 	595.32 	0.5
882.0 	595.82 	0.5
883.0 	596.32 	0.5
884.0 	596.83 	0.5099999999999909
885.0 	597.33 	0.5
886.0 	597.83 	0.5
887.0 	598.34 	0.5099999999999909
888.0 	598.85 	0.5099999999999909
889.0 	599.38 	0.5299999999999727
890.0 	599.9 	0.5199999999999818
891.0 	600.42 	0.5199999999999818
892.0 	600.94 	0.5200000000000955
893.0 	601.46 	0.5199999999999818
894.0 	601.98 	0.5199999999999818
895.0 	602.49 	0.5099999999999909
896.0 	603.0 	0.5099999999999909
897.0 	603.52 	0.5199999999999818
898.0 	604.04 	0.5199999999999818
899.0 	604.56 	0.5199999999999818
900.0 	605.08 	0.5200000000000955
901.0 	605.61 	0.5299999999999727
902.0 	606.13 	0.5199999999999818
903.0 	606.63 	0.5
904.0 	607.14 	0.5099999999999909
905.0 	607.65 	0.5099999999999909
906.0 	608.16 	0.5099999999999909
907.0 	608.67 	0.5099999999999909
908.0 	609.17 	0.5
909.0 	609.69 	0.5200000000000955
910.0 	610.2 	0.5099999999999909
911.0 	610.7 	0.5
912.0 	611.2 	0.5
913.0 	611.71 	0.5099999999999909
914.0 	612.22 	0.5099999999999909
915.0 	612.72 	0.5
916.0 	613.24 	0.5199999999999818
917.0 	613.76 	0.5199999999999818
918.0 	614.28 	0.5199999999999818
919.0 	614.79 	0.5099999999999909
920.0 	615.3 	0.5099999999999909
921.0 	615.81 	0.5099999999999909
922.0 	616.31 	0.5
923.0 	616.81 	0.5
924.0 	617.33 	0.5200000000000955
925.0 	617.86 	0.5299999999999727
926.0 	618.37 	0.5099999999999909
927.0 	618.88 	0.5099999999999909
928.0 	619.38 	0.5
929.0 	619.89 	0.5099999999999909
930.0 	620.39 	0.5
931.0 	620.9 	0.5099999999999909
932.0 	621.4 	0.5
933.0 	621.91 	0.5099999999999909
934.0 	622.43 	0.5199999999999818
935.0 	622.95 	0.5200000000000955
936.0 	623.46 	0.5099999999999909
937.0 	623.98 	0.5199999999999818
938.0 	624.5 	0.5199999999999818
939.0 	625.01 	0.5099999999999909
940.0 	625.53 	0.5199999999999818
941.0 	626.04 	0.5099999999999909
942.0 	626.54 	0.5
943.0 	627.04 	0.5
944.0 	627.56 	0.5199999999999818
945.0 	628.08 	0.5200000000000955
946.0 	628.58 	0.5
947.0 	629.1 	0.5199999999999818
948.0 	629.6 	0.5
949.0 	630.1 	0.5
950.0 	630.61 	0.5099999999999909
951.0 	631.11 	0.5
952.0 	631.62 	0.5099999999999909
953.0 	632.13 	0.5099999999999909
954.0 	632.64 	0.5099999999999909
955.0 	633.16 	0.5199999999999818
956.0 	633.68 	0.5199999999999818
957.0 	634.18 	0.5
958.0 	634.7 	0.5200000000000955
959.0 	635.25 	0.5499999999999545
960.0 	635.76 	0.5099999999999909
961.0 	636.27 	0.5099999999999909
962.0 	636.78 	0.5099999999999909
963.0 	637.28 	0.5
964.0 	637.78 	0.5
965.0 	638.3 	0.5199999999999818
966.0 	638.83 	0.5300000000000864
967.0 	639.35 	0.5199999999999818
968.0 	639.86 	0.5099999999999909
969.0 	640.38 	0.5199999999999818
970.0 	640.9 	0.5199999999999818
971.0 	641.41 	0.5099999999999909
972.0 	641.91 	0.5
973.0 	642.4 	0.4900000000000091
974.0 	642.9 	0.5
975.0 	643.39 	0.4900000000000091
976.0 	644.03 	0.6399999999999864
977.0 	644.57 	0.5400000000000773
978.0 	645.13 	0.5599999999999454
979.0 	645.66 	0.5299999999999727
980.0 	646.25 	0.5900000000000318
981.0 	646.78 	0.5299999999999727
982.0 	647.37 	0.5900000000000318
983.0 	647.96 	0.5900000000000318
984.0 	648.5 	0.5399999999999636
985.0 	649.05 	0.5499999999999545
986.0 	649.59 	0.5400000000000773
987.0 	650.12 	0.5299999999999727
988.0 	650.68 	0.5599999999999454
989.0 	651.24 	0.5600000000000591
990.0 	651.81 	0.5699999999999363
991.0 	652.37 	0.5600000000000591
992.0 	652.94 	0.57000000000005
993.0 	653.5 	0.5599999999999454
994.0 	654.02 	0.5199999999999818
995.0 	654.59 	0.57000000000005
996.0 	655.09 	0.5
997.0 	655.68 	0.5899999999999181
998.0 	656.21 	0.5300000000000864
999.0 	656.78 	0.5699999999999363
1000.0 	658.1 	1.32000000000005
1001.0 	658.59 	0.4900000000000091
1002.0 	659.08 	0.4900000000000091
1003.0 	659.56 	0.4799999999999045
1004.0 	660.04 	0.4800000000000182
1005.0 	660.56 	0.5199999999999818
1006.0 	661.11 	0.5500000000000682
1007.0 	661.61 	0.5
1008.0 	662.11 	0.5
1009.0 	662.62 	0.5099999999999909
1010.0 	663.17 	0.5499999999999545
1011.0 	663.68 	0.5099999999999909
1012.0 	664.19 	0.5100000000001046
1013.0 	664.68 	0.4899999999998954
1014.0 	665.18 	0.5
1015.0 	665.65 	0.4700000000000273
1016.0 	666.18 	0.5299999999999727
1017.0 	666.67 	0.4900000000000091
1018.0 	667.22 	0.5500000000000682
1019.0 	667.72 	0.5
1020.0 	668.21 	0.4900000000000091
1021.0 	668.7 	0.4900000000000091
1022.0 	669.19 	0.4900000000000091
1023.0 	669.68 	0.4899999999998954
1024.0 	670.17 	0.4900000000000091
1025.0 	670.66 	0.4900000000000091
1026.0 	671.15 	0.4900000000000091
1027.0 	671.64 	0.4900000000000091
1028.0 	672.15 	0.5099999999999909
1029.0 	672.67 	0.5199999999999818
1030.0 	673.18 	0.5099999999999909
1031.0 	673.69 	0.5100000000001046
1032.0 	674.21 	0.5199999999999818
1033.0 	674.71 	0.5
1034.0 	675.2 	0.4900000000000091
1035.0 	675.69 	0.4900000000000091
1036.0 	676.18 	0.4899999999998954
1037.0 	676.67 	0.4900000000000091
1038.0 	677.17 	0.5
1039.0 	677.66 	0.4900000000000091
1040.0 	678.15 	0.4900000000000091
1041.0 	678.69 	0.5400000000000773
1042.0 	679.19 	0.5
1043.0 	679.68 	0.4899999999998954
1044.0 	680.18 	0.5
1045.0 	680.67 	0.4900000000000091
1046.0 	681.16 	0.4900000000000091
1047.0 	681.69 	0.5300000000000864
1048.0 	682.2 	0.5099999999999909
1049.0 	682.7 	0.5
1050.0 	683.23 	0.5299999999999727
1051.0 	683.76 	0.5299999999999727
1052.0 	684.26 	0.5
1053.0 	684.84 	0.5800000000000409
1054.0 	685.39 	0.5499999999999545
1055.0 	685.9 	0.5099999999999909
1056.0 	686.44 	0.5400000000000773
1057.0 	686.97 	0.5299999999999727
1058.0 	687.51 	0.5399999999999636
1059.0 	688.04 	0.5299999999999727
1060.0 	688.53 	0.4900000000000091
1061.0 	689.02 	0.4900000000000091
1062.0 	689.55 	0.5299999999999727
1063.0 	690.08 	0.5300000000000864
1064.0 	690.61 	0.5299999999999727
1065.0 	691.13 	0.5199999999999818
1066.0 	691.63 	0.5
1067.0 	692.12 	0.4900000000000091
1068.0 	692.62 	0.5
1069.0 	693.11 	0.4900000000000091
1070.0 	693.6 	0.4900000000000091
1071.0 	694.09 	0.4900000000000091
1072.0 	694.58 	0.4900000000000091
1073.0 	695.08 	0.5
1074.0 	695.58 	0.5
1075.0 	696.07 	0.4900000000000091
1076.0 	696.57 	0.5
1077.0 	697.06 	0.4899999999998954
1078.0 	697.55 	0.4900000000000091
1079.0 	698.05 	0.5
1080.0 	698.54 	0.4900000000000091
1081.0 	699.03 	0.4900000000000091
1082.0 	699.53 	0.5
1083.0 	700.01 	0.4800000000000182
1084.0 	700.5 	0.4900000000000091
1085.0 	700.99 	0.4900000000000091
1086.0 	701.48 	0.4900000000000091
1087.0 	701.96 	0.4800000000000182
1088.0 	702.45 	0.4900000000000091
1089.0 	702.94 	0.4900000000000091
1090.0 	703.43 	0.4899999999998954
1091.0 	703.92 	0.4900000000000091
1092.0 	704.4 	0.4800000000000182
1093.0 	704.89 	0.4900000000000091
1094.0 	705.39 	0.5
1095.0 	705.87 	0.4800000000000182
1096.0 	706.36 	0.4900000000000091
1097.0 	706.85 	0.4900000000000091
1098.0 	707.33 	0.4800000000000182
1099.0 	707.81 	0.4799999999999045
1100.0 	708.3 	0.4900000000000091
1101.0 	708.78 	0.4800000000000182
1102.0 	709.27 	0.4900000000000091
1103.0 	709.75 	0.4800000000000182
1104.0 	710.24 	0.4900000000000091
1105.0 	710.73 	0.4900000000000091
1106.0 	711.22 	0.4900000000000091
1107.0 	711.7 	0.4800000000000182
1108.0 	712.19 	0.4900000000000091
1109.0 	712.67 	0.4799999999999045
1110.0 	713.16 	0.4900000000000091
1111.0 	713.64 	0.4800000000000182
1112.0 	714.13 	0.4900000000000091
1113.0 	714.61 	0.4800000000000182
1114.0 	715.1 	0.4900000000000091
1115.0 	715.59 	0.4900000000000091
1116.0 	716.07 	0.4800000000000182
1117.0 	716.56 	0.4899999999998954
1118.0 	717.04 	0.4800000000000182
1119.0 	717.53 	0.4900000000000091
1120.0 	718.02 	0.4900000000000091
1121.0 	718.5 	0.4800000000000182
1122.0 	718.99 	0.4900000000000091
1123.0 	719.48 	0.4900000000000091
1124.0 	719.98 	0.5
1125.0 	720.47 	0.4900000000000091
1126.0 	720.95 	0.4800000000000182
1127.0 	721.44 	0.4900000000000091
1128.0 	721.93 	0.4899999999998954
1129.0 	722.43 	0.5
1130.0 	722.93 	0.5
1131.0 	723.45 	0.5200000000000955
1132.0 	723.97 	0.5199999999999818
1133.0 	724.48 	0.5099999999999909
1134.0 	725.01 	0.5299999999999727
1135.0 	725.53 	0.5199999999999818
1136.0 	726.05 	0.5199999999999818
1137.0 	726.55 	0.5
1138.0 	727.07 	0.5200000000000955
1139.0 	727.56 	0.4899999999998954
1140.0 	728.08 	0.5200000000000955
1141.0 	728.56 	0.4799999999999045
1142.0 	729.07 	0.5100000000001046
1143.0 	729.59 	0.5199999999999818
1144.0 	730.09 	0.5
1145.0 	730.58 	0.4900000000000091
1146.0 	731.07 	0.4900000000000091
1147.0 	731.57 	0.5
1148.0 	732.06 	0.4899999999998954
1149.0 	732.56 	0.5
1150.0 	733.09 	0.5300000000000864
1151.0 	733.62 	0.5299999999999727
1152.0 	734.11 	0.4900000000000091
1153.0 	734.6 	0.4900000000000091
1154.0 	735.09 	0.4900000000000091
1155.0 	735.58 	0.4900000000000091
1156.0 	736.07 	0.4900000000000091
1157.0 	736.56 	0.4899999999998954
1158.0 	737.07 	0.5100000000001046
1159.0 	737.58 	0.5099999999999909
1160.0 	738.08 	0.5
1161.0 	738.57 	0.4900000000000091
1162.0 	739.07 	0.5
1163.0 	739.57 	0.5
1164.0 	740.09 	0.5199999999999818
1165.0 	740.62 	0.5299999999999727
1166.0 	741.14 	0.5199999999999818
1167.0 	741.67 	0.5299999999999727
1168.0 	742.18 	0.5099999999999909
1169.0 	742.71 	0.5300000000000864
1170.0 	743.23 	0.5199999999999818
1171.0 	743.75 	0.5199999999999818
1172.0 	744.26 	0.5099999999999909
1173.0 	744.79 	0.5299999999999727
1174.0 	745.31 	0.5199999999999818
1175.0 	745.83 	0.5200000000000955
1176.0 	746.36 	0.5299999999999727
1177.0 	746.87 	0.5099999999999909
1178.0 	747.38 	0.5099999999999909
1179.0 	747.87 	0.4900000000000091
1180.0 	748.36 	0.4900000000000091
1181.0 	748.85 	0.4900000000000091
1182.0 	749.35 	0.5
1183.0 	749.84 	0.4900000000000091
1184.0 	750.33 	0.4900000000000091
1185.0 	750.82 	0.4900000000000091
1186.0 	751.3 	0.4799999999999045
1187.0 	751.79 	0.4900000000000091
1188.0 	752.29 	0.5
1189.0 	752.81 	0.5199999999999818
1190.0 	753.32 	0.5100000000001046
1191.0 	753.82 	0.5
1192.0 	754.3 	0.4799999999999045
1193.0 	754.79 	0.4900000000000091
1194.0 	755.29 	0.5
1195.0 	755.78 	0.4900000000000091
1196.0 	756.27 	0.4900000000000091
1197.0 	756.76 	0.4900000000000091
1198.0 	757.24 	0.4800000000000182
1199.0 	757.73 	0.4900000000000091
1200.0 	758.99 	1.259999999999991
1201.0 	759.48 	0.4900000000000091
1202.0 	759.97 	0.4900000000000091
1203.0 	760.46 	0.4900000000000091
1204.0 	760.95 	0.4900000000000091
1205.0 	761.44 	0.4900000000000091
1206.0 	761.93 	0.4899999999998954
1207.0 	762.41 	0.4800000000000182
1208.0 	762.9 	0.4900000000000091
1209.0 	763.39 	0.4900000000000091
1210.0 	763.87 	0.4800000000000182
1211.0 	764.36 	0.4900000000000091
1212.0 	764.84 	0.4800000000000182
1213.0 	765.32 	0.4800000000000182
1214.0 	765.82 	0.5
1215.0 	766.3 	0.4799999999999045
1216.0 	766.79 	0.4900000000000091
1217.0 	767.27 	0.4800000000000182
1218.0 	767.77 	0.5
1219.0 	768.26 	0.4900000000000091
1220.0 	768.74 	0.4800000000000182
1221.0 	769.23 	0.4900000000000091
1222.0 	769.72 	0.4900000000000091
1223.0 	770.21 	0.4900000000000091
1224.0 	770.69 	0.4800000000000182
1225.0 	771.18 	0.4899999999998954
1226.0 	771.67 	0.4900000000000091
1227.0 	772.15 	0.4800000000000182
1228.0 	772.64 	0.4900000000000091
1229.0 	773.12 	0.4800000000000182
1230.0 	773.61 	0.4900000000000091
1231.0 	774.1 	0.4900000000000091
1232.0 	774.59 	0.4900000000000091
1233.0 	775.08 	0.4900000000000091
1234.0 	775.57 	0.4900000000000091
1235.0 	776.05 	0.4799999999999045
1236.0 	776.53 	0.4800000000000182
1237.0 	777.03 	0.5
1238.0 	777.51 	0.4800000000000182
1239.0 	778.0 	0.4900000000000091
1240.0 	778.48 	0.4800000000000182
1241.0 	778.96 	0.4800000000000182
1242.0 	779.45 	0.4900000000000091
1243.0 	779.93 	0.4799999999999045
1244.0 	780.42 	0.4900000000000091
1245.0 	780.9 	0.4800000000000182
1246.0 	781.4 	0.5
1247.0 	781.88 	0.4800000000000182
1248.0 	782.37 	0.4900000000000091
1249.0 	782.85 	0.4800000000000182
1250.0 	783.35 	0.5
1251.0 	783.84 	0.4900000000000091
1252.0 	784.33 	0.4900000000000091
1253.0 	784.81 	0.4799999999999045
1254.0 	785.31 	0.5
1255.0 	785.79 	0.4800000000000182
1256.0 	786.28 	0.4900000000000091
1257.0 	786.79 	0.5099999999999909
1258.0 	787.27 	0.4800000000000182
1259.0 	787.76 	0.4900000000000091
1260.0 	788.27 	0.5099999999999909
1261.0 	788.77 	0.5
1262.0 	789.29 	0.5199999999999818
1263.0 	789.78 	0.4900000000000091
1264.0 	790.32 	0.5400000000000773
1265.0 	790.82 	0.5
1266.0 	791.33 	0.5099999999999909
1267.0 	791.84 	0.5099999999999909
1268.0 	792.35 	0.5099999999999909
1269.0 	792.86 	0.5099999999999909
1270.0 	793.36 	0.5
1271.0 	793.87 	0.5099999999999909
1272.0 	794.37 	0.5
1273.0 	794.87 	0.5
1274.0 	795.39 	0.5199999999999818
1275.0 	795.91 	0.5199999999999818
1276.0 	796.47 	0.5600000000000591
1277.0 	797.0 	0.5299999999999727
1278.0 	797.51 	0.5099999999999909
1279.0 	798.01 	0.5
1280.0 	798.5 	0.4900000000000091
1281.0 	799.0 	0.5
1282.0 	799.5 	0.5
1283.0 	799.99 	0.4900000000000091
1284.0 	800.5 	0.5099999999999909
1285.0 	801.03 	0.5299999999999727
1286.0 	801.55 	0.5199999999999818
1287.0 	802.05 	0.5
1288.0 	802.54 	0.4900000000000091
1289.0 	803.03 	0.4900000000000091
1290.0 	803.52 	0.4900000000000091
1291.0 	804.02 	0.5
1292.0 	804.51 	0.4900000000000091
1293.0 	805.01 	0.5
1294.0 	805.52 	0.5099999999999909
1295.0 	806.02 	0.5
1296.0 	806.52 	0.5
1297.0 	807.01 	0.4900000000000091
1298.0 	807.5 	0.4900000000000091
1299.0 	807.98 	0.4800000000000182
1300.0 	808.47 	0.4900000000000091
1301.0 	808.96 	0.4900000000000091
1302.0 	809.44 	0.4800000000000182
1303.0 	809.94 	0.5
1304.0 	810.43 	0.4899999999998954
1305.0 	810.95 	0.5200000000000955
1306.0 	811.45 	0.5
1307.0 	811.95 	0.5
1308.0 	812.44 	0.4900000000000091
1309.0 	812.94 	0.5
1310.0 	813.44 	0.5
1311.0 	813.93 	0.4899999999998954
1312.0 	814.43 	0.5
1313.0 	814.93 	0.5
1314.0 	815.43 	0.5
1315.0 	815.93 	0.5
1316.0 	816.43 	0.5
1317.0 	816.92 	0.4900000000000091
1318.0 	817.42 	0.5
1319.0 	817.91 	0.4900000000000091
1320.0 	818.4 	0.4900000000000091
1321.0 	818.89 	0.4900000000000091
1322.0 	819.39 	0.5
1323.0 	819.88 	0.4900000000000091
1324.0 	820.36 	0.4800000000000182
1325.0 	820.85 	0.4900000000000091
1326.0 	821.34 	0.4900000000000091
1327.0 	821.83 	0.4900000000000091
1328.0 	822.31 	0.4799999999999045
1329.0 	822.81 	0.5
1330.0 	823.34 	0.5300000000000864
1331.0 	823.85 	0.5099999999999909
1332.0 	824.34 	0.4900000000000091
1333.0 	824.84 	0.5
1334.0 	825.33 	0.4900000000000091
1335.0 	825.81 	0.4799999999999045
1336.0 	826.3 	0.4900000000000091
1337.0 	826.79 	0.4900000000000091
1338.0 	827.28 	0.4900000000000091
1339.0 	827.76 	0.4800000000000182
1340.0 	828.25 	0.4900000000000091
1341.0 	828.75 	0.5
1342.0 	829.24 	0.4900000000000091
1343.0 	829.73 	0.4900000000000091
1344.0 	830.24 	0.5099999999999909
1345.0 	830.74 	0.5
1346.0 	831.25 	0.5099999999999909
1347.0 	831.74 	0.4900000000000091
1348.0 	832.22 	0.4800000000000182
1349.0 	832.71 	0.4900000000000091
1350.0 	833.23 	0.5199999999999818
1351.0 	833.74 	0.5099999999999909
1352.0 	834.26 	0.5199999999999818
1353.0 	834.77 	0.5099999999999909
1354.0 	835.29 	0.5199999999999818
1355.0 	835.79 	0.5
1356.0 	836.3 	0.5099999999999909
1357.0 	836.82 	0.5200000000000955
1358.0 	837.33 	0.5099999999999909
1359.0 	837.82 	0.4900000000000091
1360.0 	838.34 	0.5199999999999818
1361.0 	838.86 	0.5199999999999818
1362.0 	839.35 	0.4900000000000091
1363.0 	839.84 	0.4900000000000091
1364.0 	840.33 	0.4900000000000091
1365.0 	840.82 	0.4900000000000091
1366.0 	841.31 	0.4899999999998954
1367.0 	841.8 	0.4900000000000091
1368.0 	842.28 	0.4800000000000182
1369.0 	842.77 	0.4900000000000091
1370.0 	843.26 	0.4900000000000091
1371.0 	843.75 	0.4900000000000091
1372.0 	844.24 	0.4900000000000091
1373.0 	844.74 	0.5
1374.0 	845.22 	0.4800000000000182
1375.0 	845.71 	0.4900000000000091
1376.0 	846.2 	0.4900000000000091
1377.0 	846.69 	0.4900000000000091
1378.0 	847.18 	0.4899999999998954
1379.0 	847.67 	0.4900000000000091
1380.0 	848.16 	0.4900000000000091
1381.0 	848.65 	0.4900000000000091
1382.0 	849.14 	0.4900000000000091
1383.0 	849.63 	0.4900000000000091
1384.0 	850.12 	0.4900000000000091
1385.0 	850.62 	0.5
1386.0 	851.11 	0.4900000000000091
1387.0 	851.59 	0.4800000000000182
1388.0 	852.1 	0.5099999999999909
1389.0 	852.61 	0.5099999999999909
1390.0 	853.11 	0.5
1391.0 	853.62 	0.5099999999999909
1392.0 	854.13 	0.5099999999999909
1393.0 	854.64 	0.5099999999999909
1394.0 	855.14 	0.5
1395.0 	855.65 	0.5099999999999909
1396.0 	856.16 	0.5099999999999909
1397.0 	856.65 	0.4900000000000091
1398.0 	857.13 	0.4800000000000182
1399.0 	857.62 	0.4900000000000091
1400.0 	858.91 	1.2899999999999636
1401.0 	859.41 	0.5
1402.0 	859.89 	0.4800000000000182
1403.0 	860.38 	0.4900000000000091
1404.0 	860.86 	0.4800000000000182
1405.0 	861.35 	0.4900000000000091
1406.0 	861.83 	0.4800000000000182
1407.0 	862.32 	0.4900000000000091
1408.0 	862.8 	0.4799999999999045
1409.0 	863.29 	0.4900000000000091
1410.0 	863.77 	0.4800000000000182
1411.0 	864.26 	0.4900000000000091
1412.0 	864.75 	0.4900000000000091
1413.0 	865.23 	0.4800000000000182
1414.0 	865.72 	0.4900000000000091
1415.0 	866.2 	0.4800000000000182
1416.0 	866.7 	0.5
1417.0 	867.18 	0.4799999999999045
1418.0 	867.67 	0.4900000000000091
1419.0 	868.16 	0.4900000000000091
1420.0 	868.64 	0.4800000000000182
1421.0 	869.13 	0.4900000000000091
1422.0 	869.62 	0.4900000000000091
1423.0 	870.14 	0.5199999999999818
1424.0 	870.66 	0.5199999999999818
1425.0 	871.16 	0.5
1426.0 	871.66 	0.5
1427.0 	872.15 	0.4900000000000091
1428.0 	872.63 	0.4800000000000182
1429.0 	873.13 	0.5
1430.0 	873.62 	0.4900000000000091
1431.0 	874.1 	0.4800000000000182
1432.0 	874.59 	0.4900000000000091
1433.0 	875.08 	0.4900000000000091
1434.0 	875.56 	0.4799999999999045
1435.0 	876.05 	0.4900000000000091
1436.0 	876.53 	0.4800000000000182
1437.0 	877.02 	0.4900000000000091
1438.0 	877.51 	0.4900000000000091
1439.0 	878.0 	0.4900000000000091
1440.0 	878.48 	0.4800000000000182
1441.0 	878.97 	0.4900000000000091
1442.0 	879.45 	0.4800000000000182
1443.0 	879.94 	0.4900000000000091
1444.0 	880.43 	0.4899999999998954
1445.0 	880.91 	0.4800000000000182
1446.0 	881.4 	0.4900000000000091
1447.0 	881.89 	0.4900000000000091
1448.0 	882.38 	0.4900000000000091
1449.0 	882.86 	0.4800000000000182
1450.0 	883.35 	0.4900000000000091
1451.0 	883.83 	0.4800000000000182
1452.0 	884.32 	0.4900000000000091
1453.0 	884.8 	0.4799999999999045
1454.0 	885.3 	0.5
1455.0 	885.79 	0.4900000000000091
1456.0 	886.27 	0.4800000000000182
1457.0 	886.76 	0.4900000000000091
1458.0 	887.25 	0.4900000000000091
1459.0 	887.73 	0.4800000000000182
1460.0 	888.22 	0.4900000000000091
1461.0 	888.71 	0.4900000000000091
1462.0 	889.2 	0.4900000000000091
1463.0 	889.68 	0.4799999999999045
1464.0 	890.17 	0.4900000000000091
1465.0 	890.65 	0.4800000000000182
1466.0 	891.14 	0.4900000000000091
1467.0 	891.63 	0.4900000000000091
1468.0 	892.11 	0.4800000000000182
1469.0 	892.6 	0.4900000000000091
1470.0 	893.1 	0.5
1471.0 	893.58 	0.4800000000000182
1472.0 	894.07 	0.4900000000000091
1473.0 	894.57 	0.5
1474.0 	895.06 	0.4899999999998954
1475.0 	895.55 	0.4900000000000091
1476.0 	896.06 	0.5099999999999909
1477.0 	896.55 	0.4900000000000091
1478.0 	897.04 	0.4900000000000091
1479.0 	897.53 	0.4900000000000091
1480.0 	898.02 	0.4900000000000091
1481.0 	898.51 	0.4900000000000091
1482.0 	899.0 	0.4900000000000091
1483.0 	899.49 	0.4900000000000091
1484.0 	899.98 	0.4900000000000091
1485.0 	900.47 	0.4900000000000091
1486.0 	900.95 	0.4800000000000182
1487.0 	901.44 	0.4900000000000091
1488.0 	901.92 	0.4799999999999045
1489.0 	902.42 	0.5
1490.0 	902.91 	0.4900000000000091
1491.0 	903.41 	0.5
1492.0 	903.9 	0.4900000000000091
1493.0 	904.38 	0.4800000000000182
1494.0 	904.87 	0.4900000000000091
1495.0 	905.36 	0.4900000000000091
1496.0 	905.84 	0.4800000000000182
1497.0 	906.33 	0.4900000000000091
1498.0 	906.81 	0.4799999999999045
1499.0 	907.3 	0.4900000000000091
1500.0 	907.78 	0.4800000000000182
1501.0 	908.27 	0.4900000000000091
1502.0 	908.75 	0.4800000000000182
1503.0 	909.24 	0.4900000000000091
1504.0 	909.73 	0.4900000000000091
1505.0 	910.22 	0.4900000000000091
1506.0 	910.7 	0.4800000000000182
1507.0 	911.19 	0.4900000000000091
1508.0 	911.68 	0.4899999999998954
1509.0 	912.16 	0.4800000000000182
1510.0 	912.65 	0.4900000000000091
1511.0 	913.14 	0.4900000000000091
1512.0 	913.63 	0.4900000000000091
1513.0 	914.12 	0.4900000000000091
1514.0 	914.61 	0.4900000000000091
1515.0 	915.1 	0.4900000000000091
1516.0 	915.58 	0.4800000000000182
1517.0 	916.07 	0.4900000000000091
1518.0 	916.56 	0.4899999999998954
1519.0 	917.06 	0.5
1520.0 	917.55 	0.4900000000000091
1521.0 	918.05 	0.5
1522.0 	918.54 	0.4900000000000091
1523.0 	919.03 	0.4900000000000091
1524.0 	919.51 	0.4800000000000182
1525.0 	920.0 	0.4900000000000091
1526.0 	920.48 	0.4800000000000182
1527.0 	920.98 	0.5
1528.0 	921.47 	0.4900000000000091
1529.0 	922.02 	0.5499999999999545
1530.0 	922.52 	0.5
1531.0 	923.02 	0.5
1532.0 	923.55 	0.5299999999999727
1533.0 	924.04 	0.4900000000000091
1534.0 	924.53 	0.4900000000000091
1535.0 	925.02 	0.4900000000000091
1536.0 	925.53 	0.5099999999999909
1537.0 	926.03 	0.5
1538.0 	926.51 	0.4800000000000182
1539.0 	927.0 	0.4900000000000091
1540.0 	927.5 	0.5
1541.0 	928.0 	0.5
1542.0 	928.5 	0.5
1543.0 	928.99 	0.4900000000000091
1544.0 	929.48 	0.4900000000000091
1545.0 	929.98 	0.5
1546.0 	930.48 	0.5
1547.0 	930.98 	0.5
1548.0 	931.46 	0.4800000000000182
1549.0 	931.95 	0.4900000000000091
1550.0 	932.44 	0.4900000000000091
1551.0 	932.93 	0.4899999999998954
1552.0 	933.42 	0.4900000000000091
1553.0 	933.91 	0.4900000000000091
1554.0 	934.39 	0.4800000000000182
1555.0 	934.89 	0.5
1556.0 	935.39 	0.5
1557.0 	935.88 	0.4900000000000091
1558.0 	936.38 	0.5
1559.0 	936.87 	0.4900000000000091
1560.0 	937.37 	0.5
1561.0 	937.87 	0.5
1562.0 	938.36 	0.4900000000000091
1563.0 	938.86 	0.5
1564.0 	939.36 	0.5
1565.0 	939.91 	0.5499999999999545
1566.0 	940.41 	0.5
1567.0 	940.91 	0.5
1568.0 	941.39 	0.4800000000000182
1569.0 	941.91 	0.5199999999999818
1570.0 	942.4 	0.4900000000000091
1571.0 	942.91 	0.5099999999999909
1572.0 	943.42 	0.5099999999999909
1573.0 	943.91 	0.4900000000000091
1574.0 	944.4 	0.4900000000000091
1575.0 	944.91 	0.5099999999999909
1576.0 	945.4 	0.4900000000000091
1577.0 	945.89 	0.4900000000000091
1578.0 	946.38 	0.4900000000000091
1579.0 	946.86 	0.4800000000000182
1580.0 	947.35 	0.4900000000000091
1581.0 	947.84 	0.4900000000000091
1582.0 	948.33 	0.4900000000000091
1583.0 	948.82 	0.4900000000000091
1584.0 	949.31 	0.4899999999998954
1585.0 	949.8 	0.4900000000000091
1586.0 	950.3 	0.5
1587.0 	950.79 	0.4900000000000091
1588.0 	951.28 	0.4900000000000091
1589.0 	951.78 	0.5
1590.0 	952.28 	0.5
1591.0 	952.77 	0.4900000000000091
1592.0 	953.28 	0.5099999999999909
1593.0 	953.77 	0.4900000000000091
1594.0 	954.26 	0.4900000000000091
1595.0 	954.75 	0.4900000000000091
1596.0 	955.23 	0.4800000000000182
1597.0 	955.72 	0.4900000000000091
1598.0 	956.21 	0.4900000000000091
1599.0 	956.7 	0.4900000000000091
1600.0 	957.96 	1.259999999999991
1601.0 	958.45 	0.4900000000000091
1602.0 	958.95 	0.5
1603.0 	959.45 	0.5
1604.0 	959.93 	0.4799999999999045
1605.0 	960.42 	0.4900000000000091
1606.0 	960.92 	0.5
1607.0 	961.41 	0.4900000000000091
1608.0 	961.89 	0.4800000000000182
1609.0 	962.38 	0.4900000000000091
1610.0 	962.87 	0.4900000000000091
1611.0 	963.36 	0.4900000000000091
1612.0 	963.85 	0.4900000000000091
1613.0 	964.34 	0.4900000000000091
1614.0 	964.82 	0.4800000000000182
1615.0 	965.31 	0.4899999999998954
1616.0 	965.8 	0.4900000000000091
1617.0 	966.29 	0.4900000000000091
1618.0 	966.78 	0.4900000000000091
1619.0 	967.27 	0.4900000000000091
1620.0 	967.76 	0.4900000000000091
1621.0 	968.26 	0.5
1622.0 	968.75 	0.4900000000000091
1623.0 	969.24 	0.4900000000000091
1624.0 	969.73 	0.4900000000000091
1625.0 	970.22 	0.4900000000000091
1626.0 	970.71 	0.4900000000000091
1627.0 	971.2 	0.4900000000000091
1628.0 	971.69 	0.4900000000000091
1629.0 	972.18 	0.4899999999998954
1630.0 	972.67 	0.4900000000000091
1631.0 	973.15 	0.4800000000000182
1632.0 	973.64 	0.4900000000000091
1633.0 	974.12 	0.4800000000000182
1634.0 	974.61 	0.4900000000000091
1635.0 	975.1 	0.4900000000000091
1636.0 	975.6 	0.5
1637.0 	976.09 	0.4900000000000091
1638.0 	976.61 	0.5199999999999818
1639.0 	977.11 	0.5
1640.0 	977.6 	0.4900000000000091
1641.0 	978.1 	0.5
1642.0 	978.62 	0.5199999999999818
1643.0 	979.14 	0.5199999999999818
1644.0 	979.65 	0.5099999999999909
1645.0 	980.14 	0.4900000000000091
1646.0 	980.63 	0.4900000000000091
1647.0 	981.13 	0.5
1648.0 	981.62 	0.4900000000000091
1649.0 	982.12 	0.5
1650.0 	982.6 	0.4800000000000182
1651.0 	983.19 	0.5900000000000318
1652.0 	983.68 	0.4899999999998954
1653.0 	984.16 	0.4800000000000182
1654.0 	984.65 	0.4900000000000091
1655.0 	985.14 	0.4900000000000091
1656.0 	985.62 	0.4800000000000182
1657.0 	986.13 	0.5099999999999909
1658.0 	986.62 	0.4900000000000091
1659.0 	987.11 	0.4900000000000091
1660.0 	987.6 	0.4900000000000091
1661.0 	988.09 	0.4900000000000091
1662.0 	988.57 	0.4800000000000182
1663.0 	989.06 	0.4899999999998954
1664.0 	989.55 	0.4900000000000091
1665.0 	990.04 	0.4900000000000091
1666.0 	990.56 	0.5199999999999818
1667.0 	991.07 	0.5100000000001046
1668.0 	991.55 	0.4799999999999045
1669.0 	992.04 	0.4900000000000091
1670.0 	992.52 	0.4800000000000182
1671.0 	993.02 	0.5
1672.0 	993.5 	0.4800000000000182
1673.0 	993.99 	0.4900000000000091
1674.0 	994.47 	0.4800000000000182
1675.0 	994.96 	0.4900000000000091
1676.0 	995.45 	0.4900000000000091
1677.0 	995.93 	0.4799999999999045
1678.0 	996.42 	0.4900000000000091
1679.0 	996.9 	0.4800000000000182
1680.0 	997.38 	0.4800000000000182
1681.0 	997.87 	0.4900000000000091
1682.0 	998.35 	0.4800000000000182
1683.0 	998.85 	0.5
1684.0 	999.33 	0.4800000000000182
1685.0 	999.82 	0.4900000000000091
1686.0 	1000.3 	0.4799999999999045
1687.0 	1000.79 	0.4900000000000091
1688.0 	1001.27 	0.4800000000000182
1689.0 	1001.76 	0.4900000000000091
1690.0 	1002.24 	0.4800000000000182
1691.0 	1002.73 	0.4900000000000091
1692.0 	1003.22 	0.4900000000000091
1693.0 	1003.71 	0.4900000000000091
1694.0 	1004.2 	0.4900000000000091
1695.0 	1004.69 	0.4900000000000091
1696.0 	1005.18 	0.4899999999998954
1697.0 	1005.66 	0.4800000000000182
1698.0 	1006.15 	0.4900000000000091
1699.0 	1006.64 	0.4900000000000091
1700.0 	1007.14 	0.5
1701.0 	1007.64 	0.5
1702.0 	1008.14 	0.5
1703.0 	1008.63 	0.4900000000000091
1704.0 	1009.11 	0.4800000000000182
1705.0 	1009.61 	0.5
1706.0 	1010.1 	0.4900000000000091
1707.0 	1010.59 	0.4900000000000091
1708.0 	1011.09 	0.5
1709.0 	1011.59 	0.5
1710.0 	1012.08 	0.4900000000000091
1711.0 	1012.58 	0.5
1712.0 	1013.09 	0.5099999999999909
1713.0 	1013.58 	0.4900000000000091
1714.0 	1014.06 	0.4799999999999045
1715.0 	1014.55 	0.4900000000000091
1716.0 	1015.04 	0.4900000000000091
1717.0 	1015.53 	0.4900000000000091
1718.0 	1016.04 	0.5099999999999909
1719.0 	1016.54 	0.5
1720.0 	1017.05 	0.5099999999999909
1721.0 	1017.55 	0.5
1722.0 	1018.05 	0.5
1723.0 	1018.58 	0.5300000000000864
1724.0 	1019.08 	0.5
1725.0 	1019.59 	0.5099999999999909
1726.0 	1020.08 	0.4900000000000091
1727.0 	1020.57 	0.4900000000000091
1728.0 	1021.07 	0.5
1729.0 	1021.57 	0.5
1730.0 	1022.07 	0.5
1731.0 	1022.55 	0.4799999999999045
1732.0 	1023.04 	0.4900000000000091
1733.0 	1023.53 	0.4900000000000091
1734.0 	1024.02 	0.4900000000000091
1735.0 	1024.51 	0.4900000000000091
1736.0 	1025.01 	0.5
1737.0 	1025.5 	0.4900000000000091
1738.0 	1025.99 	0.4900000000000091
1739.0 	1026.48 	0.4900000000000091
1740.0 	1026.96 	0.4800000000000182
1741.0 	1027.45 	0.4900000000000091
1742.0 	1027.94 	0.4900000000000091
1743.0 	1028.42 	0.4800000000000182
1744.0 	1028.91 	0.4900000000000091
1745.0 	1029.41 	0.5
1746.0 	1029.9 	0.4900000000000091
1747.0 	1030.39 	0.4900000000000091
1748.0 	1030.89 	0.5
1749.0 	1031.37 	0.4799999999997908
1750.0 	1031.86 	0.4900000000000091
1751.0 	1032.35 	0.4900000000000091
1752.0 	1032.84 	0.4900000000000091
1753.0 	1033.33 	0.4900000000000091
1754.0 	1033.81 	0.4800000000000182
1755.0 	1034.3 	0.4900000000000091
1756.0 	1034.79 	0.4900000000000091
1757.0 	1035.28 	0.4900000000000091
1758.0 	1035.77 	0.4900000000000091
1759.0 	1036.26 	0.4900000000000091
1760.0 	1036.75 	0.4900000000000091
1761.0 	1037.24 	0.4900000000000091
1762.0 	1037.72 	0.4800000000000182
1763.0 	1038.21 	0.4900000000000091
1764.0 	1038.7 	0.4900000000000091
1765.0 	1039.19 	0.4900000000000091
1766.0 	1039.68 	0.4900000000000091
1767.0 	1040.16 	0.4800000000000182
1768.0 	1040.65 	0.4900000000000091
1769.0 	1041.13 	0.4800000000000182
1770.0 	1041.62 	0.4899999999997817
1771.0 	1042.11 	0.4900000000000091
1772.0 	1042.59 	0.4800000000000182
1773.0 	1043.08 	0.4900000000000091
1774.0 	1043.56 	0.4800000000000182
1775.0 	1044.05 	0.4900000000000091
1776.0 	1044.54 	0.4900000000000091
1777.0 	1045.02 	0.4800000000000182
1778.0 	1045.51 	0.4900000000000091
1779.0 	1046.0 	0.4900000000000091
1780.0 	1046.49 	0.4900000000000091
1781.0 	1046.97 	0.4800000000000182
1782.0 	1047.46 	0.4900000000000091
1783.0 	1047.95 	0.4900000000000091
1784.0 	1048.45 	0.5
1785.0 	1048.94 	0.4900000000000091
1786.0 	1049.43 	0.4900000000000091
1787.0 	1049.92 	0.4900000000000091
1788.0 	1050.41 	0.4900000000000091
1789.0 	1050.89 	0.4800000000000182
1790.0 	1051.39 	0.5
1791.0 	1051.88 	0.4900000000000091
1792.0 	1052.4 	0.5199999999999818
1793.0 	1052.89 	0.4900000000000091
1794.0 	1053.38 	0.4900000000000091
1795.0 	1053.86 	0.4799999999997908
1796.0 	1054.35 	0.4900000000000091
1797.0 	1054.84 	0.4900000000000091
1798.0 	1055.33 	0.4900000000000091
1799.0 	1055.82 	0.4900000000000091
1800.0 	1057.07 	1.25
1801.0 	1057.58 	0.5099999999999909
1802.0 	1058.14 	0.5600000000001728
1803.0 	1058.63 	0.4900000000000091
1804.0 	1059.11 	0.4799999999997908
1805.0 	1059.6 	0.4900000000000091
1806.0 	1060.09 	0.4900000000000091
1807.0 	1060.58 	0.4900000000000091
1808.0 	1061.06 	0.4800000000000182
1809.0 	1061.58 	0.5199999999999818
1810.0 	1062.08 	0.5
1811.0 	1062.57 	0.4900000000000091
1812.0 	1063.06 	0.4900000000000091
1813.0 	1063.55 	0.4900000000000091
1814.0 	1064.04 	0.4900000000000091
1815.0 	1064.53 	0.4900000000000091
1816.0 	1065.03 	0.5
1817.0 	1065.54 	0.5099999999999909
1818.0 	1066.04 	0.5
1819.0 	1066.55 	0.5099999999999909
1820.0 	1067.04 	0.4900000000000091
1821.0 	1067.53 	0.4900000000000091
1822.0 	1068.02 	0.4900000000000091
1823.0 	1068.51 	0.4900000000000091
1824.0 	1069.0 	0.4900000000000091
1825.0 	1069.49 	0.4900000000000091
1826.0 	1069.98 	0.4900000000000091
1827.0 	1070.47 	0.4900000000000091
1828.0 	1070.96 	0.4900000000000091
1829.0 	1071.45 	0.4900000000000091
1830.0 	1071.94 	0.4900000000000091
1831.0 	1072.44 	0.5
1832.0 	1072.93 	0.4900000000000091
1833.0 	1073.43 	0.5
1834.0 	1073.92 	0.4900000000000091
1835.0 	1074.41 	0.4900000000000091
1836.0 	1074.9 	0.4900000000000091
1837.0 	1075.39 	0.4900000000000091
1838.0 	1075.88 	0.4900000000000091
1839.0 	1076.36 	0.4799999999997908
1840.0 	1076.85 	0.4900000000000091
1841.0 	1077.35 	0.5
1842.0 	1077.87 	0.5199999999999818
1843.0 	1078.38 	0.5100000000002183
1844.0 	1078.89 	0.5099999999999909
1845.0 	1079.39 	0.5
1846.0 	1079.87 	0.4799999999997908
1847.0 	1080.36 	0.4900000000000091
1848.0 	1080.85 	0.4900000000000091
1849.0 	1081.34 	0.4900000000000091
1850.0 	1081.83 	0.4900000000000091
1851.0 	1082.31 	0.4800000000000182
1852.0 	1082.8 	0.4900000000000091
1853.0 	1083.3 	0.5
1854.0 	1083.79 	0.4900000000000091
1855.0 	1084.28 	0.4900000000000091
1856.0 	1084.76 	0.4800000000000182
1857.0 	1085.25 	0.4900000000000091
1858.0 	1085.74 	0.4900000000000091
1859.0 	1086.23 	0.4900000000000091
1860.0 	1086.74 	0.5099999999999909
1861.0 	1087.25 	0.5099999999999909
1862.0 	1087.75 	0.5
1863.0 	1088.24 	0.4900000000000091
1864.0 	1088.73 	0.4900000000000091
1865.0 	1089.22 	0.4900000000000091
1866.0 	1089.71 	0.4900000000000091
1867.0 	1090.2 	0.4900000000000091
1868.0 	1090.69 	0.4900000000000091
1869.0 	1091.18 	0.4900000000000091
1870.0 	1091.67 	0.4900000000000091
1871.0 	1092.15 	0.4800000000000182
1872.0 	1092.64 	0.4900000000000091
1873.0 	1093.13 	0.4900000000000091
1874.0 	1093.61 	0.4799999999997908
1875.0 	1094.1 	0.4900000000000091
1876.0 	1094.59 	0.4900000000000091
1877.0 	1095.08 	0.4900000000000091
1878.0 	1095.58 	0.5
1879.0 	1096.06 	0.4800000000000182
1880.0 	1096.55 	0.4900000000000091
1881.0 	1097.04 	0.4900000000000091
1882.0 	1097.52 	0.4800000000000182
1883.0 	1098.01 	0.4900000000000091
1884.0 	1098.5 	0.4900000000000091
1885.0 	1098.98 	0.4800000000000182
1886.0 	1099.47 	0.4900000000000091
1887.0 	1099.96 	0.4900000000000091
1888.0 	1100.45 	0.4900000000000091
1889.0 	1100.94 	0.4900000000000091
1890.0 	1101.42 	0.4800000000000182
1891.0 	1101.92 	0.5
1892.0 	1102.41 	0.4900000000000091
1893.0 	1102.9 	0.4900000000000091
1894.0 	1103.39 	0.4900000000000091
1895.0 	1103.88 	0.4900000000000091
1896.0 	1104.37 	0.4899999999997817
1897.0 	1104.85 	0.4800000000000182
1898.0 	1105.34 	0.4900000000000091
1899.0 	1105.83 	0.4900000000000091
1900.0 	1106.31 	0.4800000000000182
1901.0 	1106.8 	0.4900000000000091
1902.0 	1107.29 	0.4900000000000091
1903.0 	1107.78 	0.4900000000000091
1904.0 	1108.27 	0.4900000000000091
1905.0 	1108.75 	0.4800000000000182
1906.0 	1109.24 	0.4900000000000091
1907.0 	1109.73 	0.4900000000000091
1908.0 	1110.22 	0.4900000000000091
1909.0 	1110.7 	0.4800000000000182
1910.0 	1111.19 	0.4900000000000091
1911.0 	1111.69 	0.5
1912.0 	1112.21 	0.5199999999999818
1913.0 	1112.7 	0.4900000000000091
1914.0 	1113.21 	0.5099999999999909
1915.0 	1113.71 	0.5
1916.0 	1114.2 	0.4900000000000091
1917.0 	1114.69 	0.4900000000000091
1918.0 	1115.18 	0.4900000000000091
1919.0 	1115.67 	0.4900000000000091
1920.0 	1116.15 	0.4800000000000182
1921.0 	1116.65 	0.5
1922.0 	1117.13 	0.4800000000000182
1923.0 	1117.62 	0.4899999999997817
1924.0 	1118.11 	0.4900000000000091
1925.0 	1118.61 	0.5
1926.0 	1119.12 	0.5099999999999909
1927.0 	1119.62 	0.5
1928.0 	1120.1 	0.4800000000000182
1929.0 	1120.59 	0.4900000000000091
1930.0 	1121.08 	0.4900000000000091
1931.0 	1121.58 	0.5
1932.0 	1122.1 	0.5199999999999818
1933.0 	1122.62 	0.5199999999999818
1934.0 	1123.12 	0.5
1935.0 	1123.6 	0.4800000000000182
1936.0 	1124.11 	0.5099999999999909
1937.0 	1124.61 	0.5
1938.0 	1125.12 	0.5099999999999909
1939.0 	1125.6 	0.4800000000000182
1940.0 	1126.11 	0.5099999999999909
1941.0 	1126.59 	0.4800000000000182
1942.0 	1127.08 	0.4900000000000091
1943.0 	1127.58 	0.5
1944.0 	1128.06 	0.4800000000000182
1945.0 	1128.56 	0.5
1946.0 	1129.04 	0.4800000000000182
1947.0 	1129.53 	0.4900000000000091
1948.0 	1130.02 	0.4900000000000091
1949.0 	1130.51 	0.4900000000000091
1950.0 	1131.04 	0.5299999999999727
1951.0 	1131.53 	0.4900000000000091
1952.0 	1132.02 	0.4900000000000091
1953.0 	1132.51 	0.4900000000000091
1954.0 	1133.01 	0.5
1955.0 	1133.49 	0.4800000000000182
1956.0 	1133.98 	0.4900000000000091
1957.0 	1134.47 	0.4900000000000091
1958.0 	1134.96 	0.4900000000000091
1959.0 	1135.45 	0.4900000000000091
1960.0 	1135.94 	0.4900000000000091
1961.0 	1136.43 	0.4900000000000091
1962.0 	1136.92 	0.4900000000000091
1963.0 	1137.41 	0.4900000000000091
1964.0 	1137.89 	0.4800000000000182
1965.0 	1138.38 	0.4900000000000091
1966.0 	1138.88 	0.5
1967.0 	1139.36 	0.4799999999997908
1968.0 	1139.85 	0.4900000000000091
1969.0 	1140.34 	0.4900000000000091
1970.0 	1140.83 	0.4900000000000091
1971.0 	1141.31 	0.4800000000000182
1972.0 	1141.81 	0.5
1973.0 	1142.29 	0.4800000000000182
1974.0 	1142.78 	0.4900000000000091
1975.0 	1143.26 	0.4800000000000182
1976.0 	1143.75 	0.4900000000000091
1977.0 	1144.24 	0.4900000000000091
1978.0 	1144.73 	0.4900000000000091
1979.0 	1145.22 	0.4900000000000091
1980.0 	1145.71 	0.4900000000000091
1981.0 	1146.21 	0.5
1982.0 	1146.7 	0.4900000000000091
1983.0 	1147.2 	0.5
1984.0 	1147.69 	0.4900000000000091
1985.0 	1148.18 	0.4900000000000091
1986.0 	1148.66 	0.4800000000000182
1987.0 	1149.16 	0.5
1988.0 	1149.66 	0.5
1989.0 	1150.15 	0.4900000000000091
1990.0 	1150.64 	0.4900000000000091
1991.0 	1151.15 	0.5099999999999909
1992.0 	1151.67 	0.5199999999999818
1993.0 	1152.16 	0.4900000000000091
1994.0 	1152.67 	0.5099999999999909
1995.0 	1153.17 	0.5
1996.0 	1153.68 	0.5099999999999909
1997.0 	1154.19 	0.5099999999999909
1998.0 	1154.68 	0.4900000000000091
1999.0 	1155.16 	0.4800000000000182
2000.0 	1156.44 	1.2799999999999727
