# time 	Initial 	Final 	Iterations
121.0 	0.0105053 	0.000405336 	2
122.0 	0.0103448 	0.000406039 	2
123.0 	0.0102172 	0.000401217 	2
124.0 	0.0100794 	0.000404086 	2
125.0 	0.00999514 	0.000399532 	2
126.0 	0.00981806 	0.000400052 	2
127.0 	0.0103191 	0.000425694 	2
128.0 	0.0103846 	0.000396781 	2
129.0 	0.00993922 	0.000395861 	2
130.0 	0.00973596 	0.000403057 	2
131.0 	0.00961403 	0.000398663 	2
132.0 	0.00946585 	0.000401202 	2
133.0 	0.00944086 	0.000397514 	2
134.0 	0.00934516 	0.000403032 	2
135.0 	0.00935552 	0.000399169 	2
136.0 	0.0092441 	0.000403506 	2
137.0 	0.00928116 	0.000397293 	2
138.0 	0.00918491 	0.000402377 	2
139.0 	0.00923436 	0.000397427 	2
140.0 	0.00916144 	0.000403956 	2
141.0 	0.00917025 	0.000398896 	2
142.0 	0.00908623 	0.000405065 	2
143.0 	0.00910976 	0.000400559 	2
144.0 	0.00989111 	0.00043622 	2
145.0 	0.00979919 	0.000395399 	2
146.0 	0.00914099 	0.000398669 	2
147.0 	0.00900375 	0.00039502 	2
148.0 	0.00879255 	0.00039883 	2
149.0 	0.00873715 	0.000392631 	2
150.0 	0.0086318 	0.000397002 	2
151.0 	0.0085984 	0.000393864 	2
152.0 	0.00847718 	0.000395845 	2
153.0 	0.00846162 	0.000392253 	2
154.0 	0.00837391 	0.000394357 	2
155.0 	0.00829403 	0.000390046 	2
156.0 	0.00823699 	0.000394925 	2
157.0 	0.00815892 	0.000392309 	2
158.0 	0.00812599 	0.000394183 	2
159.0 	0.00806613 	0.000394389 	2
160.0 	0.00803889 	0.000396279 	2
161.0 	0.00796611 	0.000393964 	2
162.0 	0.00793746 	0.00039557 	2
163.0 	0.00783969 	0.000394621 	2
164.0 	0.00781765 	0.000395624 	2
165.0 	0.00771226 	0.000391931 	2
166.0 	0.00769184 	0.000393989 	2
167.0 	0.0075877 	0.000390177 	2
168.0 	0.00755582 	0.000391984 	2
169.0 	0.00745159 	0.000390322 	2
170.0 	0.00745259 	0.000392379 	2
171.0 	0.00740106 	0.000391272 	2
172.0 	0.00735182 	0.000392549 	2
173.0 	0.00728622 	0.000390616 	2
174.0 	0.00728389 	0.000391435 	2
175.0 	0.00722753 	0.000392142 	2
176.0 	0.00719401 	0.000393215 	2
177.0 	0.00712824 	0.000391588 	2
178.0 	0.00710021 	0.000393801 	2
179.0 	0.00707253 	0.000392701 	2
180.0 	0.0070201 	0.000392913 	2
181.0 	0.00699741 	0.000393569 	2
182.0 	0.00693221 	0.000391797 	2
183.0 	0.00690094 	0.00039096 	2
184.0 	0.00685616 	0.00039151 	2
185.0 	0.00682033 	0.000391483 	2
186.0 	0.00677721 	0.000389377 	2
187.0 	0.00673699 	0.000390857 	2
188.0 	0.00670492 	0.000390704 	2
189.0 	0.00667227 	0.000391282 	2
190.0 	0.00660594 	0.000390098 	2
191.0 	0.00658812 	0.000392781 	2
192.0 	0.0065513 	0.000390737 	2
193.0 	0.00652096 	0.000391713 	2
194.0 	0.00646874 	0.000386935 	2
195.0 	0.00644259 	0.000392384 	2
196.0 	0.00639504 	0.000388566 	2
197.0 	0.00703938 	0.000437634 	2
198.0 	0.00771387 	0.000394756 	2
199.0 	0.00700471 	0.000385028 	2
200.0 	0.00673207 	0.000394239 	2
201.0 	0.00652022 	0.000391677 	2
202.0 	0.00629855 	0.000391633 	2
203.0 	0.00624854 	0.000396374 	2
204.0 	0.00613186 	0.000392562 	2
205.0 	0.00616305 	0.000394685 	2
206.0 	0.00604843 	0.000390089 	2
207.0 	0.00609042 	0.000393319 	2
208.0 	0.00597193 	0.000389357 	2
209.0 	0.00601375 	0.000391513 	2
210.0 	0.0059086 	0.000388766 	2
211.0 	0.00595025 	0.000390283 	2
212.0 	0.00585678 	0.000387227 	2
213.0 	0.00590572 	0.000388417 	2
214.0 	0.00574032 	0.000384327 	2
215.0 	0.005778 	0.000387327 	2
216.0 	0.00567659 	0.000383775 	2
217.0 	0.00572184 	0.000385342 	2
218.0 	0.00558871 	0.000383485 	2
219.0 	0.00564706 	0.000385476 	2
220.0 	0.00555431 	0.000382332 	2
221.0 	0.00558976 	0.000384334 	2
222.0 	0.00547492 	0.000382232 	2
223.0 	0.00559802 	0.000383889 	2
224.0 	0.00547303 	0.000382182 	2
225.0 	0.0055475 	0.000384244 	2
226.0 	0.00542944 	0.000381583 	2
227.0 	0.00548861 	0.000383709 	2
228.0 	0.00540309 	0.000381219 	2
229.0 	0.00545868 	0.000382959 	2
230.0 	0.00536188 	0.000380732 	2
231.0 	0.0054047 	0.000383993 	2
232.0 	0.00531814 	0.000381183 	2
233.0 	0.0053626 	0.000382476 	2
234.0 	0.00526136 	0.000380008 	2
235.0 	0.00530873 	0.000381698 	2
236.0 	0.00522325 	0.000377364 	2
237.0 	0.00528229 	0.000380931 	2
238.0 	0.00516401 	0.000378635 	2
239.0 	0.00520017 	0.000380362 	2
240.0 	0.00510888 	0.000377332 	2
241.0 	0.00513096 	0.000378253 	2
242.0 	0.00505085 	0.000376158 	2
243.0 	0.00507889 	0.000376682 	2
244.0 	0.00500556 	0.000374676 	2
245.0 	0.00502514 	0.000374684 	2
246.0 	0.00496227 	0.000372982 	2
247.0 	0.00497683 	0.000373138 	2
248.0 	0.00491029 	0.000371191 	2
249.0 	0.00493347 	0.000371375 	2
250.0 	0.00487005 	0.000369712 	2
251.0 	0.0048901 	0.00037006 	2
252.0 	0.0048311 	0.000368736 	2
253.0 	0.00484852 	0.000368335 	2
254.0 	0.004798 	0.000367656 	2
255.0 	0.00484104 	0.000366886 	2
256.0 	0.00476639 	0.000365769 	2
257.0 	0.0047937 	0.000366667 	2
258.0 	0.00472518 	0.00036529 	2
259.0 	0.00474405 	0.000364363 	2
260.0 	0.00468301 	0.000363463 	2
261.0 	0.00470681 	0.000363144 	2
262.0 	0.00465455 	0.000362165 	2
263.0 	0.00468898 	0.000361227 	2
264.0 	0.00463797 	0.000360827 	2
265.0 	0.00466494 	0.00036092 	2
266.0 	0.00461736 	0.000359729 	2
267.0 	0.00463858 	0.000359362 	2
268.0 	0.00458757 	0.000358386 	2
269.0 	0.00461231 	0.000357464 	2
270.0 	0.00455678 	0.000356898 	2
271.0 	0.00457939 	0.000356447 	2
272.0 	0.00453351 	0.000355396 	2
273.0 	0.00455322 	0.000354412 	2
274.0 	0.00449964 	0.000354262 	2
275.0 	0.00452526 	0.000353381 	2
276.0 	0.00447925 	0.000352749 	2
277.0 	0.00450386 	0.000351235 	2
278.0 	0.00444639 	0.00035112 	2
279.0 	0.00446575 	0.000350357 	2
280.0 	0.00444381 	0.000348653 	2
281.0 	0.00447986 	0.00034726 	2
282.0 	0.00440358 	0.000348055 	2
283.0 	0.0044312 	0.000347505 	2
284.0 	0.00438648 	0.000346833 	2
285.0 	0.00439782 	0.000345672 	2
286.0 	0.00434462 	0.00034523 	2
287.0 	0.00436334 	0.000344421 	2
288.0 	0.00431824 	0.000343278 	2
289.0 	0.00434148 	0.000342098 	2
290.0 	0.00429369 	0.000342143 	2
291.0 	0.0043103 	0.000341006 	2
292.0 	0.00426914 	0.000340063 	2
293.0 	0.00428105 	0.000339299 	2
294.0 	0.00423859 	0.000339221 	2
295.0 	0.00425029 	0.000338132 	2
296.0 	0.0042098 	0.00033771 	2
297.0 	0.00422848 	0.000336794 	2
298.0 	0.00417739 	0.000337064 	2
299.0 	0.00421524 	0.000335005 	2
300.0 	0.00416629 	0.000334859 	2
301.0 	0.00420556 	0.000333443 	2
302.0 	0.00415102 	0.000334237 	2
303.0 	0.00417492 	0.000332334 	2
304.0 	0.00412364 	0.000332273 	2
305.0 	0.00416527 	0.000330976 	2
306.0 	0.00407737 	0.000334588 	2
307.0 	0.00411499 	0.000330887 	2
308.0 	0.00403423 	0.000332752 	2
309.0 	0.0040773 	0.000330113 	2
310.0 	0.00399264 	0.000332596 	2
311.0 	0.00404453 	0.000327834 	2
312.0 	0.00395981 	0.000329269 	2
313.0 	0.00403795 	0.000325979 	2
314.0 	0.00394628 	0.00032864 	2
315.0 	0.00399938 	0.000324697 	2
316.0 	0.00391855 	0.000326706 	2
317.0 	0.00402047 	0.000328234 	2
318.0 	0.00391045 	0.000326882 	2
319.0 	0.00395582 	0.000321561 	2
320.0 	0.00387801 	0.000323257 	2
321.0 	0.00395473 	0.00032048 	2
322.0 	0.00387233 	0.000323544 	2
323.0 	0.00393218 	0.000319954 	2
324.0 	0.00385254 	0.000322044 	2
325.0 	0.00395942 	0.000323931 	2
326.0 	0.00385731 	0.000322799 	2
327.0 	0.00390421 	0.000317553 	2
328.0 	0.00382468 	0.000319222 	2
329.0 	0.00390231 	0.000316331 	2
330.0 	0.00382317 	0.000319158 	2
331.0 	0.0038743 	0.000315315 	2
332.0 	0.00379507 	0.000317136 	2
333.0 	0.00390016 	0.000319058 	2
334.0 	0.00379985 	0.000317899 	2
335.0 	0.00384107 	0.000312617 	2
336.0 	0.00375977 	0.000313998 	2
337.0 	0.00384056 	0.000311529 	2
338.0 	0.0037629 	0.000314287 	2
339.0 	0.00381077 	0.000310788 	2
340.0 	0.00373525 	0.000312496 	2
341.0 	0.00384962 	0.000314838 	2
342.0 	0.00374377 	0.000313631 	2
343.0 	0.00378735 	0.00030841 	2
344.0 	0.00370462 	0.000309658 	2
345.0 	0.00378286 	0.000307228 	2
346.0 	0.00370475 	0.000309749 	2
347.0 	0.00375725 	0.000305959 	2
348.0 	0.00367481 	0.000307622 	2
349.0 	0.00377792 	0.000309771 	2
350.0 	0.00367758 	0.000308166 	2
351.0 	0.00371648 	0.000303208 	2
352.0 	0.00363756 	0.00030427 	2
353.0 	0.00372185 	0.000302151 	2
354.0 	0.00364319 	0.000304366 	2
355.0 	0.00371713 	0.000305539 	2
356.0 	0.00362448 	0.000302964 	2
357.0 	0.00368536 	0.000299582 	2
358.0 	0.0036117 	0.000301198 	2
359.0 	0.00365941 	0.000298169 	2
360.0 	0.0035835 	0.000299236 	2
361.0 	0.00365354 	0.000297399 	2
362.0 	0.00358909 	0.000298098 	2
363.0 	0.00364213 	0.000295715 	2
364.0 	0.00356605 	0.000296013 	2
365.0 	0.00364693 	0.000295033 	2
366.0 	0.00357372 	0.000295822 	2
367.0 	0.00362351 	0.000293953 	2
368.0 	0.0035489 	0.000293756 	2
369.0 	0.00362288 	0.000292814 	2
370.0 	0.00354792 	0.000293146 	2
371.0 	0.00360143 	0.000291189 	2
372.0 	0.00351897 	0.000290775 	2
373.0 	0.00359665 	0.000289937 	2
374.0 	0.00351939 	0.000290171 	2
375.0 	0.00356827 	0.000288225 	2
376.0 	0.00348299 	0.000288027 	2
377.0 	0.00355361 	0.000287096 	2
378.0 	0.0034788 	0.000287214 	2
379.0 	0.0035266 	0.000285612 	2
380.0 	0.00344749 	0.000285066 	2
381.0 	0.00352368 	0.000284499 	2
382.0 	0.00344732 	0.000284425 	2
383.0 	0.00349714 	0.000282796 	2
384.0 	0.00341514 	0.000282122 	2
385.0 	0.00348572 	0.000281489 	2
386.0 	0.00342287 	0.000281494 	2
387.0 	0.00346534 	0.000279896 	2
388.0 	0.00339033 	0.000279275 	2
389.0 	0.00346366 	0.000278816 	2
390.0 	0.00339769 	0.000278503 	2
391.0 	0.00343473 	0.000276892 	2
392.0 	0.00337166 	0.000276362 	2
393.0 	0.0034211 	0.000275618 	2
394.0 	0.0033538 	0.000275403 	2
395.0 	0.00340251 	0.000274126 	2
396.0 	0.00333462 	0.000273339 	2
397.0 	0.00339416 	0.000272995 	2
398.0 	0.00334328 	0.000272688 	2
399.0 	0.00336061 	0.000274166 	2
400.0 	0.00330157 	0.000272627 	2
401.0 	0.00336467 	0.000271238 	2
402.0 	0.00330707 	0.000269878 	2
403.0 	0.00333554 	0.000271643 	2
404.0 	0.00328255 	0.000270058 	2
405.0 	0.00334075 	0.000268669 	2
406.0 	0.00329202 	0.000267154 	2
407.0 	0.00331897 	0.0002688 	2
408.0 	0.00326514 	0.000267005 	2
409.0 	0.0033258 	0.000265957 	2
410.0 	0.00328063 	0.000264273 	2
411.0 	0.00330213 	0.000266157 	2
412.0 	0.00325727 	0.000264557 	2
413.0 	0.00330275 	0.000263352 	2
414.0 	0.00326261 	0.000261849 	2
415.0 	0.00327958 	0.000263237 	2
416.0 	0.00323947 	0.000261916 	2
417.0 	0.00327337 	0.000263424 	2
418.0 	0.00323683 	0.000261197 	2
419.0 	0.00326067 	0.000258612 	2
420.0 	0.00322004 	0.000257042 	2
421.0 	0.00325651 	0.000259847 	2
422.0 	0.00322487 	0.000258262 	2
423.0 	0.00323197 	0.000259361 	2
424.0 	0.00320017 	0.000256557 	2
425.0 	0.00323143 	0.000258452 	2
426.0 	0.00320364 	0.00025613 	2
427.0 	0.00321704 	0.000257002 	2
428.0 	0.00318763 	0.000253843 	2
429.0 	0.00322441 	0.00025297 	2
430.0 	0.00319275 	0.000251265 	2
431.0 	0.00320375 	0.000253889 	2
432.0 	0.00317889 	0.000251118 	2
433.0 	0.00321748 	0.000250968 	2
434.0 	0.00318866 	0.000249013 	2
435.0 	0.00319838 	0.000248676 	2
436.0 	0.00317404 	0.00024691 	2
437.0 	0.0032035 	0.000247838 	2
438.0 	0.00318162 	0.000246452 	2
439.0 	0.00318899 	0.000246454 	2
440.0 	0.00316355 	0.000244369 	2
441.0 	0.00318592 	0.00024542 	2
442.0 	0.00316487 	0.000243966 	2
443.0 	0.0031683 	0.000244189 	2
444.0 	0.00314724 	0.000241896 	2
445.0 	0.00317401 	0.000243154 	2
446.0 	0.00315454 	0.000241707 	2
447.0 	0.00315154 	0.00024187 	2
448.0 	0.0031354 	0.000239622 	2
449.0 	0.00315403 	0.00024083 	2
450.0 	0.00313593 	0.000239257 	2
451.0 	0.00314041 	0.000239739 	2
452.0 	0.00311668 	0.000237276 	2
453.0 	0.0031321 	0.000238534 	2
454.0 	0.00311511 	0.000237004 	2
455.0 	0.00311408 	0.000237301 	2
456.0 	0.00310026 	0.000235085 	2
457.0 	0.00311788 	0.000236459 	2
458.0 	0.00311093 	0.000235099 	2
459.0 	0.00309875 	0.000235569 	2
460.0 	0.00309601 	0.000233523 	2
461.0 	0.00308085 	0.000234542 	2
462.0 	0.00308349 	0.000233256 	2
463.0 	0.00305223 	0.000232663 	2
464.0 	0.00306467 	0.000231545 	2
465.0 	0.0030292 	0.000234596 	2
466.0 	0.00305231 	0.000232885 	2
467.0 	0.00300957 	0.00023438 	2
468.0 	0.00303116 	0.00023155 	2
469.0 	0.00300084 	0.000232769 	2
470.0 	0.00303497 	0.000230257 	2
471.0 	0.00297529 	0.000231551 	2
472.0 	0.00301307 	0.000228885 	2
473.0 	0.00298128 	0.000230119 	2
474.0 	0.00301939 	0.000227497 	2
475.0 	0.00297406 	0.000228775 	2
476.0 	0.00301173 	0.000226846 	2
477.0 	0.00296693 	0.000228725 	2
478.0 	0.00301173 	0.00022591 	2
479.0 	0.00296467 	0.000227041 	2
480.0 	0.00300356 	0.000224276 	2
481.0 	0.00295276 	0.000222937 	2
482.0 	0.00299282 	0.000221815 	2
483.0 	0.00293463 	0.000221159 	2
484.0 	0.00298357 	0.000220366 	2
485.0 	0.00293203 	0.000219734 	2
486.0 	0.00298016 	0.000219264 	2
487.0 	0.00292744 	0.000218588 	2
488.0 	0.00296569 	0.000218289 	2
489.0 	0.00291237 	0.000217584 	2
490.0 	0.00295768 	0.000217 	2
491.0 	0.00290584 	0.000216217 	2
492.0 	0.00294546 	0.000215624 	2
493.0 	0.00289816 	0.000214786 	2
494.0 	0.00293742 	0.00021444 	2
495.0 	0.00287912 	0.000213747 	2
496.0 	0.00292192 	0.000213295 	2
497.0 	0.00287017 	0.000212408 	2
498.0 	0.00291354 	0.000212075 	2
499.0 	0.00286512 	0.00021115 	2
500.0 	0.00289573 	0.000211173 	2
501.0 	0.00285441 	0.000212421 	2
502.0 	0.00289176 	0.000212255 	2
503.0 	0.00284854 	0.000213143 	2
504.0 	0.00287601 	0.000212041 	2
505.0 	0.00284052 	0.000212181 	2
506.0 	0.00286917 	0.00021129 	2
507.0 	0.00283299 	0.000211538 	2
508.0 	0.00286122 	0.000210197 	2
509.0 	0.00282977 	0.000207967 	2
510.0 	0.00286182 	0.000207874 	2
511.0 	0.00283577 	0.000206312 	2
512.0 	0.00286565 	0.000206942 	2
513.0 	0.00282962 	0.000205626 	2
514.0 	0.00286198 	0.000206165 	2
515.0 	0.0028332 	0.000204402 	2
516.0 	0.00285916 	0.000204733 	2
517.0 	0.00282714 	0.000203177 	2
518.0 	0.00285662 	0.000203802 	2
519.0 	0.00282754 	0.000201829 	2
520.0 	0.00285451 	0.000202299 	2
521.0 	0.00281569 	0.000201212 	2
522.0 	0.00284208 	0.000201416 	2
523.0 	0.00281369 	0.0001997 	2
524.0 	0.0028318 	0.000199922 	2
525.0 	0.00279486 	0.000198633 	2
526.0 	0.00282107 	0.000196805 	2
527.0 	0.00279025 	0.000196067 	2
528.0 	0.00280182 	0.00019452 	2
529.0 	0.0027629 	0.000194747 	2
530.0 	0.0027807 	0.000193444 	2
531.0 	0.00275942 	0.000193487 	2
532.0 	0.00277383 	0.00019208 	2
533.0 	0.00275168 	0.000192457 	2
534.0 	0.00275957 	0.000191112 	2
535.0 	0.00274835 	0.000191207 	2
536.0 	0.00275395 	0.00018996 	2
537.0 	0.00272915 	0.0001904 	2
538.0 	0.00273931 	0.000188901 	2
539.0 	0.00271844 	0.000189225 	2
540.0 	0.00272537 	0.000187904 	2
541.0 	0.00271037 	0.000188279 	2
542.0 	0.00271927 	0.00018684 	2
543.0 	0.00269915 	0.000186761 	2
544.0 	0.00270113 	0.000185324 	2
545.0 	0.00268162 	0.000185628 	2
546.0 	0.00268813 	0.000184037 	2
547.0 	0.00267844 	0.000183868 	2
548.0 	0.00268176 	0.000182363 	2
549.0 	0.00266178 	0.000182823 	2
550.0 	0.00267431 	0.000181453 	2
551.0 	0.00267107 	0.000181589 	2
552.0 	0.00267975 	0.000180016 	2
553.0 	0.00266693 	0.000180598 	2
554.0 	0.00267065 	0.000179119 	2
555.0 	0.00265903 	0.000179371 	2
556.0 	0.00266961 	0.000177753 	2
557.0 	0.00266282 	0.000178226 	2
558.0 	0.00266874 	0.000176763 	2
559.0 	0.00265634 	0.000176909 	2
560.0 	0.00266119 	0.000175432 	2
561.0 	0.0026455 	0.000175727 	2
562.0 	0.00264513 	0.000174293 	2
563.0 	0.00263101 	0.000174405 	2
564.0 	0.0026316 	0.000172754 	2
565.0 	0.00262439 	0.000173188 	2
566.0 	0.00262424 	0.000171896 	2
567.0 	0.00260947 	0.000171998 	2
568.0 	0.00261639 	0.000170519 	2
569.0 	0.00260763 	0.000171018 	2
570.0 	0.00260752 	0.000169617 	2
571.0 	0.00259376 	0.000169741 	2
572.0 	0.00260211 	0.000168406 	2
573.0 	0.00259999 	0.000169085 	2
574.0 	0.00260501 	0.000167747 	2
575.0 	0.00259481 	0.000167984 	2
576.0 	0.00260408 	0.000166365 	2
577.0 	0.00259077 	0.000167125 	2
578.0 	0.00259131 	0.000165779 	2
579.0 	0.00257602 	0.00016587 	2
580.0 	0.0025845 	0.000164251 	2
581.0 	0.00256573 	0.000164734 	2
582.0 	0.00256659 	0.000163536 	2
583.0 	0.00255557 	0.000163574 	2
584.0 	0.00255834 	0.000162074 	2
585.0 	0.00254658 	0.000162769 	2
586.0 	0.0025466 	0.000161523 	2
587.0 	0.00253583 	0.0001616 	2
588.0 	0.00254457 	0.000160054 	2
589.0 	0.00254024 	0.00016041 	2
590.0 	0.0025376 	0.000159354 	2
591.0 	0.00252403 	0.000159055 	2
592.0 	0.00253448 	0.000157407 	2
593.0 	0.0025132 	0.000157756 	2
594.0 	0.00250275 	0.000156314 	2
595.0 	0.002486 	0.000156286 	2
596.0 	0.00248458 	0.000154745 	2
597.0 	0.00246677 	0.000154852 	2
598.0 	0.00246748 	0.000153502 	2
599.0 	0.00245528 	0.000153202 	2
600.0 	0.00245271 	0.00015152 	2
601.0 	0.00244407 	0.000151868 	2
602.0 	0.00245056 	0.000150512 	2
603.0 	0.00243923 	0.000150743 	2
604.0 	0.00244409 	0.000149289 	2
605.0 	0.00244245 	0.000149673 	2
606.0 	0.0024516 	0.000148689 	2
607.0 	0.00244582 	0.000148797 	2
608.0 	0.00246125 	0.000147535 	2
609.0 	0.00245296 	0.000147979 	2
610.0 	0.00245996 	0.000146777 	2
611.0 	0.00244638 	0.000146661 	2
612.0 	0.00245484 	0.000145477 	2
613.0 	0.00244658 	0.000145599 	2
614.0 	0.00244899 	0.000144574 	2
615.0 	0.00243644 	0.000144102 	2
616.0 	0.0024416 	0.000142922 	2
617.0 	0.00242503 	0.000142783 	2
618.0 	0.00241877 	0.00014153 	2
619.0 	0.00239498 	0.000141245 	2
620.0 	0.00239522 	0.000139884 	2
621.0 	0.00237746 	0.000140105 	2
622.0 	0.00238376 	0.000139067 	2
623.0 	0.00237053 	0.000138962 	2
624.0 	0.00238382 	0.000137906 	2
625.0 	0.00237358 	0.000138011 	2
626.0 	0.00237408 	0.000137125 	2
627.0 	0.00236264 	0.000136948 	2
628.0 	0.00237826 	0.000136045 	2
629.0 	0.002368 	0.00013598 	2
630.0 	0.00236475 	0.000135307 	2
631.0 	0.00236118 	0.00013486 	2
632.0 	0.00236593 	0.000133762 	2
633.0 	0.0023413 	0.000133557 	2
634.0 	0.00234092 	0.000132531 	2
635.0 	0.0023153 	0.000131965 	2
636.0 	0.00231482 	0.000130979 	2
637.0 	0.00230166 	0.000130615 	2
638.0 	0.00229838 	0.000130067 	2
639.0 	0.00229845 	0.000129247 	2
640.0 	0.00230704 	0.000128772 	2
641.0 	0.00229467 	0.000128208 	2
642.0 	0.00229991 	0.000127956 	2
643.0 	0.00228566 	0.00012723 	2
644.0 	0.00229814 	0.000127033 	2
645.0 	0.00228459 	0.000126207 	2
646.0 	0.00228228 	0.00012602 	2
647.0 	0.00225445 	0.000125108 	2
648.0 	0.00225945 	0.000124949 	2
649.0 	0.002242 	0.000124378 	2
650.0 	0.00225039 	0.000123986 	2
651.0 	0.00224 	0.000123128 	2
652.0 	0.00224403 	0.000122576 	2
653.0 	0.00222627 	0.000121785 	2
654.0 	0.00222382 	0.000121461 	2
655.0 	0.00221982 	0.000120534 	2
656.0 	0.00221695 	0.000119922 	2
657.0 	0.00220335 	0.000119315 	2
658.0 	0.00220241 	0.000118689 	2
659.0 	0.00219708 	0.000117966 	2
660.0 	0.00221206 	0.000117681 	2
661.0 	0.00220666 	0.000116822 	2
662.0 	0.00221416 	0.00011665 	2
663.0 	0.00221301 	0.000115686 	2
664.0 	0.00221656 	0.000115317 	2
665.0 	0.00219965 	0.000114531 	2
666.0 	0.00219487 	0.000114256 	2
667.0 	0.00219179 	0.000113135 	2
668.0 	0.00218878 	0.000112886 	2
669.0 	0.0021816 	0.000112104 	2
670.0 	0.00218924 	0.000112723 	2
671.0 	0.00219238 	0.00011119 	2
672.0 	0.00220043 	0.000111642 	2
673.0 	0.00219039 	0.000110565 	2
674.0 	0.00218761 	0.000111197 	2
675.0 	0.00217347 	0.000109826 	2
676.0 	0.0021787 	0.000110496 	2
677.0 	0.00216859 	0.000108774 	2
678.0 	0.00216749 	0.000109192 	2
679.0 	0.00214769 	0.000107842 	2
680.0 	0.00216199 	0.000108333 	2
681.0 	0.00215657 	0.0001073 	2
682.0 	0.00217738 	0.000107626 	2
683.0 	0.00215628 	0.00010631 	2
684.0 	0.00216956 	0.000106656 	2
685.0 	0.00216248 	0.000105451 	2
686.0 	0.0021701 	0.000105441 	2
687.0 	0.00213527 	0.000103506 	2
688.0 	0.0021532 	0.000103722 	2
689.0 	0.00212747 	0.000101678 	2
690.0 	0.00213196 	0.000101964 	2
691.0 	0.00211427 	0.000100759 	2
692.0 	0.00212385 	0.000101263 	2
693.0 	0.00210075 	9.97145e-05 	2
694.0 	0.00210073 	0.000100346 	2
695.0 	0.00207435 	9.89081e-05 	2
696.0 	0.00208882 	9.98448e-05 	2
697.0 	0.00206262 	9.82917e-05 	2
698.0 	0.00206784 	9.94096e-05 	2
699.0 	0.00205046 	9.77808e-05 	2
700.0 	0.0020553 	9.90806e-05 	2
701.0 	0.00203398 	9.71519e-05 	2
702.0 	0.00203861 	9.88124e-05 	2
703.0 	0.00201659 	9.71234e-05 	2
704.0 	0.0020191 	9.86971e-05 	2
705.0 	0.00200577 	9.68459e-05 	2
706.0 	0.0020254 	9.84747e-05 	2
707.0 	0.00200675 	9.63372e-05 	2
708.0 	0.0020169 	9.77918e-05 	2
709.0 	0.00201189 	9.5912e-05 	2
710.0 	0.00201316 	9.70145e-05 	2
711.0 	0.00201314 	9.5186e-05 	2
712.0 	0.00203145 	9.644e-05 	2
713.0 	0.0020371 	9.44864e-05 	2
714.0 	0.00203523 	9.59619e-05 	2
715.0 	0.00202712 	9.37806e-05 	2
716.0 	0.00203738 	9.50876e-05 	2
717.0 	0.00202977 	9.28307e-05 	2
718.0 	0.00203199 	9.38758e-05 	2
719.0 	0.00202024 	9.18397e-05 	2
720.0 	0.00203025 	9.31038e-05 	2
721.0 	0.00202699 	9.12673e-05 	2
722.0 	0.00203265 	9.26165e-05 	2
723.0 	0.0020166 	9.0501e-05 	2
724.0 	0.00200891 	9.19531e-05 	2
725.0 	0.00197895 	8.98352e-05 	2
726.0 	0.00198637 	9.15686e-05 	2
727.0 	0.00196966 	8.99013e-05 	2
728.0 	0.00198677 	9.15416e-05 	2
729.0 	0.00197151 	8.98633e-05 	2
730.0 	0.00198037 	9.18492e-05 	2
731.0 	0.00196681 	8.99343e-05 	2
732.0 	0.00196997 	9.18365e-05 	2
733.0 	0.00196543 	8.95426e-05 	2
734.0 	0.0019862 	9.14146e-05 	2
735.0 	0.0019789 	8.91591e-05 	2
736.0 	0.0019868 	9.07569e-05 	2
737.0 	0.00196983 	8.83794e-05 	2
738.0 	0.00197975 	9.01786e-05 	2
739.0 	0.00197645 	8.80168e-05 	2
740.0 	0.00198247 	8.95099e-05 	2
741.0 	0.00198595 	8.72115e-05 	2
742.0 	0.00200469 	8.88173e-05 	2
743.0 	0.00200394 	8.64163e-05 	2
744.0 	0.00200336 	8.80814e-05 	2
745.0 	0.00199046 	8.54282e-05 	2
746.0 	0.00201628 	8.76531e-05 	2
747.0 	0.00202138 	8.54029e-05 	2
748.0 	0.00203952 	8.73662e-05 	2
749.0 	0.00202034 	8.48635e-05 	2
750.0 	0.00201775 	8.72938e-05 	2
751.0 	0.00198874 	8.47983e-05 	2
752.0 	0.00200468 	8.71287e-05 	2
753.0 	0.00198333 	8.47032e-05 	2
754.0 	0.00198101 	8.65605e-05 	2
755.0 	0.00196122 	8.428e-05 	2
756.0 	0.00196058 	8.64174e-05 	2
757.0 	0.00194933 	8.38157e-05 	2
758.0 	0.00195685 	8.619e-05 	2
759.0 	0.0019428 	8.34549e-05 	2
760.0 	0.00193622 	8.56076e-05 	2
761.0 	0.00192206 	8.29145e-05 	2
762.0 	0.00193683 	8.50266e-05 	2
763.0 	0.00192081 	8.2616e-05 	2
764.0 	0.00191635 	8.47786e-05 	2
765.0 	0.00189512 	8.24961e-05 	2
766.0 	0.00191569 	8.45683e-05 	2
767.0 	0.00191412 	8.24481e-05 	2
768.0 	0.00192954 	8.46542e-05 	2
769.0 	0.00193292 	8.26598e-05 	2
770.0 	0.00196957 	8.51362e-05 	2
771.0 	0.00197415 	8.29407e-05 	2
772.0 	0.00198371 	8.48831e-05 	2
773.0 	0.00198434 	8.24103e-05 	2
774.0 	0.00200806 	8.44359e-05 	2
775.0 	0.0019956 	8.17603e-05 	2
776.0 	0.0020088 	8.39293e-05 	2
777.0 	0.00200784 	8.13171e-05 	2
778.0 	0.00202897 	8.3186e-05 	2
779.0 	0.00201134 	8.08039e-05 	2
780.0 	0.0020233 	8.28448e-05 	2
781.0 	0.00199566 	8.08368e-05 	2
782.0 	0.00202642 	8.27976e-05 	2
783.0 	0.00202862 	8.08215e-05 	2
784.0 	0.00202959 	8.24935e-05 	2
785.0 	0.00200683 	8.04639e-05 	2
786.0 	0.00200941 	8.25488e-05 	2
787.0 	0.00198934 	7.98459e-05 	2
788.0 	0.00198642 	8.18636e-05 	2
789.0 	0.00196789 	7.95498e-05 	2
790.0 	0.00196723 	8.15565e-05 	2
791.0 	0.00195053 	7.89613e-05 	2
792.0 	0.00194904 	8.09293e-05 	2
793.0 	0.00192525 	7.8524e-05 	2
794.0 	0.00194027 	8.05296e-05 	2
795.0 	0.00193131 	7.82013e-05 	2
796.0 	0.00194413 	8.00253e-05 	2
797.0 	0.00193541 	7.77053e-05 	2
798.0 	0.00195535 	7.98781e-05 	2
799.0 	0.00195845 	7.77584e-05 	2
800.0 	0.00196897 	7.98724e-05 	2
801.0 	0.00194679 	7.76321e-05 	2
802.0 	0.00195757 	7.94466e-05 	2
803.0 	0.00196976 	7.73971e-05 	2
804.0 	0.00197487 	7.89885e-05 	2
805.0 	0.00198618 	7.71573e-05 	2
806.0 	0.00199698 	7.93295e-05 	2
807.0 	0.00197704 	7.76961e-05 	2
808.0 	0.00196797 	7.95292e-05 	2
809.0 	0.00195891 	7.74311e-05 	2
810.0 	0.00195909 	7.94264e-05 	2
811.0 	0.0019777 	7.76678e-05 	2
812.0 	0.00198976 	7.95865e-05 	2
813.0 	0.00197918 	7.74872e-05 	2
814.0 	0.00200525 	7.93365e-05 	2
815.0 	0.00200243 	7.73178e-05 	2
816.0 	0.00200478 	7.92721e-05 	2
817.0 	0.00198391 	7.70707e-05 	2
818.0 	0.00200349 	7.91777e-05 	2
819.0 	0.00198108 	7.68403e-05 	2
820.0 	0.00198277 	7.84887e-05 	2
821.0 	0.00197247 	7.62132e-05 	2
822.0 	0.0019805 	7.79855e-05 	2
823.0 	0.00197287 	7.56089e-05 	2
824.0 	0.00197163 	7.77106e-05 	2
825.0 	0.00195299 	7.51418e-05 	2
826.0 	0.00194753 	7.70335e-05 	2
827.0 	0.00194039 	7.47535e-05 	2
828.0 	0.00193949 	7.65797e-05 	2
829.0 	0.0019571 	7.39608e-05 	2
830.0 	0.00196175 	7.56859e-05 	2
831.0 	0.00194939 	7.33789e-05 	2
832.0 	0.00197503 	7.53885e-05 	2
833.0 	0.0019811 	7.33145e-05 	2
834.0 	0.00198136 	7.54894e-05 	2
835.0 	0.00198911 	7.3008e-05 	2
836.0 	0.00199352 	7.51624e-05 	2
837.0 	0.0019961 	7.30024e-05 	2
838.0 	0.00200055 	7.49109e-05 	2
839.0 	0.00200565 	7.29419e-05 	2
840.0 	0.00200174 	7.47255e-05 	2
841.0 	0.00199399 	7.24289e-05 	2
842.0 	0.00197746 	7.45817e-05 	2
843.0 	0.00197578 	7.21665e-05 	2
844.0 	0.00198213 	7.42884e-05 	2
845.0 	0.00198172 	7.22959e-05 	2
846.0 	0.00198828 	7.42687e-05 	2
847.0 	0.00199283 	7.25477e-05 	2
848.0 	0.00200412 	7.42036e-05 	2
849.0 	0.00199521 	7.14564e-05 	2
850.0 	0.00200133 	7.38313e-05 	2
851.0 	0.00200439 	7.18989e-05 	2
852.0 	0.00201541 	7.37176e-05 	2
853.0 	0.00202719 	7.20701e-05 	2
854.0 	0.00201878 	7.37734e-05 	2
855.0 	0.00203504 	7.14107e-05 	2
856.0 	0.00203535 	7.33531e-05 	2
857.0 	0.00204369 	7.10642e-05 	2
858.0 	0.00202372 	7.27646e-05 	2
859.0 	0.00200371 	7.09375e-05 	2
860.0 	0.00200517 	7.24457e-05 	2
861.0 	0.00201329 	7.03058e-05 	2
862.0 	0.00200699 	7.25177e-05 	2
863.0 	0.00200731 	7.05266e-05 	2
864.0 	0.00198481 	7.19449e-05 	2
865.0 	0.00197949 	6.97588e-05 	2
866.0 	0.00198339 	7.12999e-05 	2
867.0 	0.00199082 	6.93325e-05 	2
868.0 	0.0019691 	7.12789e-05 	2
869.0 	0.00198475 	6.9226e-05 	2
870.0 	0.00194866 	7.08929e-05 	2
871.0 	0.00194418 	6.85401e-05 	2
872.0 	0.00193374 	7.00492e-05 	2
873.0 	0.00194312 	6.80406e-05 	2
874.0 	0.00192378 	6.9785e-05 	2
875.0 	0.00193408 	6.77966e-05 	2
876.0 	0.0019185 	6.95889e-05 	2
877.0 	0.00193544 	6.70538e-05 	2
878.0 	0.00192099 	6.85601e-05 	2
879.0 	0.00193928 	6.65744e-05 	2
880.0 	0.0019336 	6.87702e-05 	2
881.0 	0.00194894 	6.67639e-05 	2
882.0 	0.00191812 	6.85796e-05 	2
883.0 	0.00193549 	6.67914e-05 	2
884.0 	0.00191264 	6.79214e-05 	2
885.0 	0.00193954 	6.54811e-05 	2
886.0 	0.0019035 	6.79066e-05 	2
887.0 	0.00192201 	6.61753e-05 	2
888.0 	0.00190807 	6.7861e-05 	2
889.0 	0.00194977 	6.57185e-05 	2
890.0 	0.00195039 	6.76349e-05 	2
891.0 	0.00197121 	6.54286e-05 	2
892.0 	0.00195766 	6.7001e-05 	2
893.0 	0.00200385 	6.49297e-05 	2
894.0 	0.0019872 	6.70084e-05 	2
895.0 	0.00199469 	6.50269e-05 	2
896.0 	0.00199461 	6.65632e-05 	2
897.0 	0.002017 	6.50127e-05 	2
898.0 	0.00197658 	6.66445e-05 	2
899.0 	0.00197247 	6.48299e-05 	2
900.0 	0.0019447 	6.62562e-05 	2
901.0 	0.00197812 	6.42807e-05 	2
902.0 	0.0019745 	6.57384e-05 	2
903.0 	0.00198828 	6.44179e-05 	2
904.0 	0.00196684 	6.53949e-05 	2
905.0 	0.00201713 	6.37893e-05 	2
906.0 	0.00197191 	6.49749e-05 	2
907.0 	0.00198962 	6.26783e-05 	2
908.0 	0.00195834 	6.42185e-05 	2
909.0 	0.00198368 	6.22024e-05 	2
910.0 	0.00196238 	6.42415e-05 	2
911.0 	0.00197022 	6.24433e-05 	2
912.0 	0.00194112 	6.35737e-05 	2
913.0 	0.00198349 	6.19614e-05 	2
914.0 	0.0019637 	6.33616e-05 	2
915.0 	0.00198822 	6.17534e-05 	2
916.0 	0.00196215 	6.32917e-05 	2
917.0 	0.00197057 	6.11633e-05 	2
918.0 	0.00193434 	6.29868e-05 	2
919.0 	0.00195819 	6.12847e-05 	2
920.0 	0.00194746 	6.23567e-05 	2
921.0 	0.00196765 	6.06066e-05 	2
922.0 	0.00194423 	6.21588e-05 	2
923.0 	0.00197065 	6.06561e-05 	2
924.0 	0.00192126 	6.17712e-05 	2
925.0 	0.0019515 	6.01581e-05 	2
926.0 	0.00195189 	6.13635e-05 	2
927.0 	0.00194732 	5.99096e-05 	2
928.0 	0.00191719 	6.09986e-05 	2
929.0 	0.00192678 	5.956e-05 	2
930.0 	0.00186706 	6.08127e-05 	2
931.0 	0.00187338 	5.93707e-05 	2
932.0 	0.00186168 	5.99259e-05 	2
933.0 	0.00191889 	5.86737e-05 	2
934.0 	0.00188407 	5.95024e-05 	2
935.0 	0.00190751 	5.73323e-05 	2
936.0 	0.00188744 	5.86435e-05 	2
937.0 	0.0019236 	5.75906e-05 	2
938.0 	0.00186355 	5.87708e-05 	2
939.0 	0.00185815 	5.74031e-05 	2
940.0 	0.00182758 	5.83033e-05 	2
941.0 	0.00188115 	5.70295e-05 	2
942.0 	0.00182403 	5.83306e-05 	2
943.0 	0.0018377 	5.71647e-05 	2
944.0 	0.00180478 	5.81242e-05 	2
945.0 	0.00181112 	5.69693e-05 	2
946.0 	0.00177689 	5.81275e-05 	2
947.0 	0.00182585 	5.6349e-05 	2
948.0 	0.00180224 	5.77133e-05 	2
949.0 	0.0018328 	5.64047e-05 	2
950.0 	0.00181557 	5.74164e-05 	2
951.0 	0.00185769 	5.59882e-05 	2
952.0 	0.00183049 	5.6799e-05 	2
953.0 	0.00186629 	5.51936e-05 	2
954.0 	0.00184013 	5.61768e-05 	2
955.0 	0.00186404 	5.5094e-05 	2
956.0 	0.00183646 	5.59063e-05 	2
957.0 	0.00185754 	5.46209e-05 	2
958.0 	0.00180595 	5.33116e-05 	2
959.0 	0.00183835 	5.43108e-05 	2
960.0 	0.00181507 	5.63095e-05 	2
961.0 	0.00184264 	5.55958e-05 	2
962.0 	0.00179817 	5.58007e-05 	2
963.0 	0.00180937 	5.50439e-05 	2
964.0 	0.00177804 	5.55788e-05 	2
965.0 	0.00179763 	5.45237e-05 	2
966.0 	0.00175492 	5.51532e-05 	2
967.0 	0.00177961 	5.44817e-05 	2
968.0 	0.00174115 	5.45875e-05 	2
969.0 	0.00177305 	5.36463e-05 	2
970.0 	0.00175175 	5.37837e-05 	2
971.0 	0.00180584 	5.2582e-05 	2
972.0 	0.00178476 	5.08418e-05 	2
973.0 	0.00184475 	5.16463e-05 	2
974.0 	0.00182761 	5.05339e-05 	2
975.0 	0.00187194 	4.84921e-05 	2
976.0 	0.00185549 	4.97372e-05 	2
977.0 	0.00342834 	0.000341622 	1
978.0 	0.00283504 	0.000279207 	1
979.0 	0.00275453 	7.08692e-05 	2
980.0 	0.0023625 	6.19616e-05 	2
981.0 	0.00313458 	7.04675e-05 	2
982.0 	0.00254676 	0.000253175 	1
983.0 	0.00250374 	6.68284e-05 	2
984.0 	0.0030521 	7.00328e-05 	2
985.0 	0.00254863 	0.000248353 	1
986.0 	0.00308093 	7.42049e-05 	2
987.0 	0.00267794 	0.000265351 	1
988.0 	0.00292296 	7.31554e-05 	2
989.0 	0.00256968 	6.99341e-05 	2
990.0 	0.00276506 	6.53884e-05 	2
991.0 	0.00247098 	7.02749e-05 	2
992.0 	0.0027216 	6.30095e-05 	2
993.0 	0.00300661 	6.96662e-05 	2
994.0 	0.00254714 	7.08009e-05 	2
995.0 	0.00254646 	5.78491e-05 	2
996.0 	0.0026877 	6.80838e-05 	2
997.0 	0.00274201 	6.61067e-05 	2
998.0 	0.00260819 	7.08897e-05 	2
999.0 	0.00232249 	5.68278e-05 	2
1000.0 	0.00244956 	6.32364e-05 	2
1001.0 	0.00247925 	6.04481e-05 	2
1002.0 	0.00224586 	5.88684e-05 	2
1003.0 	0.00228224 	5.68257e-05 	2
1004.0 	0.00219671 	5.89658e-05 	2
1005.0 	0.00229119 	5.76184e-05 	2
1006.0 	0.00232271 	6.6132e-05 	2
1007.0 	0.00229046 	6.17109e-05 	2
1008.0 	0.00217616 	6.38465e-05 	2
1009.0 	0.00218986 	5.82335e-05 	2
1010.0 	0.00210555 	5.83664e-05 	2
1011.0 	0.00217281 	5.50197e-05 	2
1012.0 	0.00208474 	5.46745e-05 	2
1013.0 	0.00214246 	0.000211866 	1
1014.0 	0.00211061 	5.59746e-05 	2
1015.0 	0.00212696 	0.000210491 	1
1016.0 	0.00200051 	5.40281e-05 	2
1017.0 	0.00205905 	0.000203693 	1
1018.0 	0.0020024 	5.33609e-05 	2
1019.0 	0.00197101 	4.98648e-05 	2
1020.0 	0.00187377 	4.77081e-05 	2
1021.0 	0.00186596 	4.72466e-05 	2
1022.0 	0.00179289 	4.67256e-05 	2
1023.0 	0.00179256 	4.6411e-05 	2
1024.0 	0.00173558 	4.63685e-05 	2
1025.0 	0.00175546 	4.57014e-05 	2
1026.0 	0.00172955 	4.61881e-05 	2
1027.0 	0.00174181 	4.59907e-05 	2
1028.0 	0.00171879 	4.62139e-05 	2
1029.0 	0.00173836 	4.61263e-05 	2
1030.0 	0.00167581 	4.64966e-05 	2
1031.0 	0.00168511 	4.53106e-05 	2
1032.0 	0.00166266 	4.62589e-05 	2
1033.0 	0.00168626 	4.52512e-05 	2
1034.0 	0.00164864 	4.61927e-05 	2
1035.0 	0.0016663 	4.52548e-05 	2
1036.0 	0.0016359 	4.60277e-05 	2
1037.0 	0.00166618 	4.44556e-05 	2
1038.0 	0.0016311 	4.57705e-05 	2
1039.0 	0.00164096 	4.45593e-05 	2
1040.0 	0.00159892 	4.64947e-05 	2
1041.0 	0.00162872 	4.47756e-05 	2
1042.0 	0.00159526 	4.66994e-05 	2
1043.0 	0.00162793 	4.47406e-05 	2
1044.0 	0.00160984 	4.6298e-05 	2
1045.0 	0.00167222 	4.47193e-05 	2
1046.0 	0.00165377 	4.61387e-05 	2
1047.0 	0.00167966 	4.36365e-05 	2
1048.0 	0.00164058 	4.50865e-05 	2
1049.0 	0.0016889 	4.36726e-05 	2
1050.0 	0.00165827 	4.45773e-05 	2
1051.0 	0.0016767 	4.41119e-05 	2
1052.0 	0.00163898 	4.42443e-05 	2
1053.0 	0.00167371 	4.42095e-05 	2
1054.0 	0.00162221 	4.39842e-05 	2
1055.0 	0.00165468 	4.33933e-05 	2
1056.0 	0.00162727 	4.34691e-05 	2
1057.0 	0.00165006 	4.32732e-05 	2
1058.0 	0.00164068 	4.34886e-05 	2
1059.0 	0.00170003 	4.39777e-05 	2
1060.0 	0.0016445 	4.36631e-05 	2
1061.0 	0.00167782 	4.31478e-05 	2
1062.0 	0.00164543 	4.30353e-05 	2
1063.0 	0.00166608 	4.24392e-05 	2
1064.0 	0.00164983 	4.27211e-05 	2
1065.0 	0.0016901 	0.000168423 	1
1066.0 	0.00166024 	4.67103e-05 	2
1067.0 	0.00165639 	4.30324e-05 	2
1068.0 	0.00160927 	4.2993e-05 	2
1069.0 	0.00164284 	4.16682e-05 	2
1070.0 	0.00160541 	4.32138e-05 	2
1071.0 	0.00163379 	4.20543e-05 	2
1072.0 	0.00158408 	4.34945e-05 	2
1073.0 	0.00161439 	4.14656e-05 	2
1074.0 	0.00160029 	4.3382e-05 	2
1075.0 	0.00165874 	4.15854e-05 	2
1076.0 	0.00163512 	4.32851e-05 	2
1077.0 	0.00169502 	0.000167784 	1
1078.0 	0.00164972 	4.7307e-05 	2
1079.0 	0.00166739 	4.314e-05 	2
1080.0 	0.00159582 	4.33376e-05 	2
1081.0 	0.00161385 	4.13996e-05 	2
1082.0 	0.00158978 	4.25048e-05 	2
1083.0 	0.00162995 	4.18539e-05 	2
1084.0 	0.00155585 	4.2634e-05 	2
1085.0 	0.00157754 	4.19091e-05 	2
1086.0 	0.00151995 	4.20237e-05 	2
1087.0 	0.00154762 	4.17634e-05 	2
1088.0 	0.00153867 	4.21786e-05 	2
1089.0 	0.00158287 	4.17282e-05 	2
1090.0 	0.0015325 	4.18571e-05 	2
1091.0 	0.00155271 	4.08371e-05 	2
1092.0 	0.00154113 	4.099e-05 	2
1093.0 	0.00160173 	4.00034e-05 	2
1094.0 	0.0015848 	4.04778e-05 	2
1095.0 	0.00163455 	0.000162094 	1
1096.0 	0.00163131 	4.432e-05 	2
1097.0 	0.00166473 	0.000163481 	1
1098.0 	0.0016738 	4.46322e-05 	2
1099.0 	0.00168914 	0.000165068 	1
1100.0 	0.0016707 	4.43785e-05 	2
1101.0 	0.0016813 	0.0001675 	1
1102.0 	0.00163801 	4.49758e-05 	2
1103.0 	0.00166453 	0.0001656 	1
1104.0 	0.00166001 	4.48707e-05 	2
1105.0 	0.00170853 	0.000163914 	1
1106.0 	0.00173223 	4.50628e-05 	2
1107.0 	0.00173953 	0.000168215 	1
1108.0 	0.00168887 	4.52045e-05 	2
1109.0 	0.00170893 	0.000166872 	1
1110.0 	0.00169096 	4.49097e-05 	2
1111.0 	0.00170811 	0.000166455 	1
1112.0 	0.00168019 	4.49839e-05 	2
1113.0 	0.00169239 	0.000168193 	1
1114.0 	0.00164549 	4.52058e-05 	2
1115.0 	0.00163749 	4.13598e-05 	2
1116.0 	0.0015877 	4.09955e-05 	2
1117.0 	0.00159912 	3.97757e-05 	2
1118.0 	0.0015507 	4.03948e-05 	2
1119.0 	0.00159101 	3.94483e-05 	2
1120.0 	0.00150443 	4.04451e-05 	2
1121.0 	0.00151266 	3.86602e-05 	2
1122.0 	0.00147993 	3.98184e-05 	2
1123.0 	0.00152091 	3.8948e-05 	2
1124.0 	0.00148815 	3.98225e-05 	2
1125.0 	0.0015299 	3.92153e-05 	2
1126.0 	0.00146436 	4.00482e-05 	2
1127.0 	0.0014912 	3.89535e-05 	2
1128.0 	0.00147743 	3.97616e-05 	2
1129.0 	0.00155562 	3.9071e-05 	2
1130.0 	0.00155433 	3.9251e-05 	2
1131.0 	0.00160608 	0.000157865 	1
1132.0 	0.00159371 	4.25236e-05 	2
1133.0 	0.00161466 	0.000158584 	1
1134.0 	0.00160488 	4.26755e-05 	2
1135.0 	0.00165984 	0.000159336 	1
1136.0 	0.00165577 	4.23296e-05 	2
1137.0 	0.0016849 	0.000159687 	1
1138.0 	0.00166635 	4.23935e-05 	2
1139.0 	0.00165762 	0.00015802 	1
1140.0 	0.00166444 	0.000164911 	1
1141.0 	0.00171644 	0.000171265 	1
1142.0 	0.00170521 	4.38962e-05 	2
1143.0 	0.00171221 	0.000161082 	1
1144.0 	0.00167317 	4.22152e-05 	2
1145.0 	0.00168579 	0.000157311 	1
1146.0 	0.00168283 	0.000165502 	1
1147.0 	0.00173686 	0.000172296 	1
1148.0 	0.00171464 	4.44527e-05 	2
1149.0 	0.00169746 	0.000163513 	1
1150.0 	0.00163803 	4.30273e-05 	2
1151.0 	0.00163165 	0.000159727 	1
1152.0 	0.00162182 	4.24938e-05 	2
1153.0 	0.00164147 	0.000159669 	1
1154.0 	0.0016434 	4.28455e-05 	2
1155.0 	0.00163935 	0.000162921 	1
1156.0 	0.00160434 	4.29227e-05 	2
1157.0 	0.00159948 	3.97159e-05 	2
1158.0 	0.00154014 	0.000153765 	1
1159.0 	0.00163291 	4.17058e-05 	2
1160.0 	0.0015927 	4.05175e-05 	2
1161.0 	0.00160008 	0.000157177 	1
1162.0 	0.00154905 	4.22057e-05 	2
1163.0 	0.00157369 	3.93301e-05 	2
1164.0 	0.00155899 	0.000154237 	1
1165.0 	0.00165001 	4.15456e-05 	2
1166.0 	0.00161308 	0.000159378 	1
1167.0 	0.00166216 	4.16246e-05 	2
1168.0 	0.00160432 	0.000159678 	1
1169.0 	0.00166784 	0.000165015 	1
1170.0 	0.00162279 	4.39469e-05 	2
1171.0 	0.00164525 	0.000158509 	1
1172.0 	0.00163945 	4.2594e-05 	2
1173.0 	0.00164379 	0.000157755 	1
1174.0 	0.00160612 	4.21076e-05 	2
1175.0 	0.00160597 	0.000155711 	1
1176.0 	0.00158174 	4.16995e-05 	2
1177.0 	0.0016227 	0.000155711 	1
1178.0 	0.00160944 	4.16864e-05 	2
1179.0 	0.00162831 	0.000156461 	1
1180.0 	0.00161755 	4.12333e-05 	2
1181.0 	0.0016365 	0.000154356 	1
1182.0 	0.00160687 	4.07638e-05 	2
1183.0 	0.00163451 	0.000155475 	1
1184.0 	0.001647 	0.000163473 	1
1185.0 	0.00166597 	4.16215e-05 	2
1186.0 	0.00160192 	0.000156673 	1
1187.0 	0.00164891 	0.000161843 	1
1188.0 	0.00162498 	4.22533e-05 	2
1189.0 	0.00162626 	0.000156439 	1
1190.0 	0.00163166 	0.000162717 	1
1191.0 	0.00164907 	4.24065e-05 	2
1192.0 	0.00156682 	0.000156566 	1
1193.0 	0.00162577 	0.00016216 	1
1194.0 	0.0016139 	4.22776e-05 	2
1195.0 	0.00163276 	0.000156595 	1
1196.0 	0.00164478 	0.000163111 	1
1197.0 	0.0016742 	4.23256e-05 	2
1198.0 	0.00161621 	0.000157092 	1
1199.0 	0.00167361 	0.000161198 	1
1200.0 	0.00166043 	4.24474e-05 	2
1201.0 	0.00168679 	0.000154411 	1
1202.0 	0.00170819 	0.000163604 	1
1203.0 	0.00174876 	0.000169146 	1
1204.0 	0.00169617 	4.33711e-05 	2
1205.0 	0.00170346 	0.000155205 	1
1206.0 	0.00168477 	0.000162358 	1
1207.0 	0.0017516 	0.000167523 	1
1208.0 	0.00173064 	0.000170389 	1
1209.0 	0.00173297 	0.000170337 	1
1210.0 	0.00166322 	4.32169e-05 	2
1211.0 	0.00167085 	0.000155263 	1
1212.0 	0.00166236 	0.000162812 	1
1213.0 	0.00170128 	0.000167846 	1
1214.0 	0.00170021 	4.31728e-05 	2
1215.0 	0.00167441 	0.000159174 	1
1216.0 	0.00161682 	4.07913e-05 	2
1217.0 	0.00160375 	0.000152374 	1
1218.0 	0.00159494 	4.048e-05 	2
1219.0 	0.00161386 	0.000154195 	1
1220.0 	0.00162288 	0.000161305 	1
1221.0 	0.00161935 	4.18176e-05 	2
1222.0 	0.00150357 	3.8866e-05 	2
1223.0 	0.0015099 	0.000148775 	1
1224.0 	0.00150784 	3.99736e-05 	2
1225.0 	0.00151056 	3.69707e-05 	2
1226.0 	0.00147898 	3.69898e-05 	2
1227.0 	0.00150403 	0.000149284 	1
1228.0 	0.00147491 	3.94973e-05 	2
1229.0 	0.00150059 	0.000148457 	1
1230.0 	0.00149538 	3.92105e-05 	2
1231.0 	0.00153511 	0.000149283 	1
1232.0 	0.00156191 	3.94368e-05 	2
1233.0 	0.00157102 	0.000150746 	1
1234.0 	0.00154417 	3.94504e-05 	2
1235.0 	0.001593 	0.000146573 	1
1236.0 	0.00162776 	0.00015589 	1
1237.0 	0.00167874 	0.000160263 	1
1238.0 	0.00168794 	0.000162994 	1
1239.0 	0.00174677 	0.000165708 	1
1240.0 	0.0016655 	0.000163839 	1
1241.0 	0.00169584 	0.000160415 	1
1242.0 	0.00171502 	0.000163849 	1
1243.0 	0.00175591 	0.000164161 	1
1244.0 	0.00174115 	0.000166157 	1
1245.0 	0.00174259 	0.000167278 	1
1246.0 	0.00167806 	0.000167023 	1
1247.0 	0.0017071 	0.000164422 	1
1248.0 	0.00169851 	0.000166416 	1
1249.0 	0.00174282 	0.000167411 	1
1250.0 	0.00173312 	0.000169849 	1
1251.0 	0.00173815 	0.000169525 	1
1252.0 	0.00168861 	0.000168368 	1
1253.0 	0.00170084 	0.000165347 	1
1254.0 	0.00166367 	0.000166212 	1
1255.0 	0.00169386 	0.000166296 	1
1256.0 	0.00168036 	0.000167543 	1
1257.0 	0.00169204 	4.19712e-05 	2
1258.0 	0.00157749 	0.000155479 	1
1259.0 	0.00162434 	0.000158885 	1
1260.0 	0.00160147 	4.11614e-05 	2
1261.0 	0.0015833 	0.00015223 	1
1262.0 	0.00159043 	4.00207e-05 	2
1263.0 	0.0015782 	0.000154595 	1
1264.0 	0.00153857 	3.94556e-05 	2
1265.0 	0.00154244 	0.00014919 	1
1266.0 	0.00153533 	3.90548e-05 	2
1267.0 	0.00155596 	0.000150279 	1
1268.0 	0.0015702 	3.89736e-05 	2
1269.0 	0.00156233 	0.000153981 	1
1270.0 	0.00151464 	3.91041e-05 	2
1271.0 	0.00153471 	0.000147543 	1
1272.0 	0.00156918 	0.000154812 	1
1273.0 	0.00163403 	0.000160151 	1
1274.0 	0.00163607 	4.11711e-05 	2
1275.0 	0.00164277 	0.000153109 	1
1276.0 	0.00161485 	0.000156641 	1
1277.0 	0.00168514 	0.00015976 	1
1278.0 	0.00167086 	0.000163122 	1
1279.0 	0.0016993 	0.000162553 	1
1280.0 	0.00168973 	0.000164941 	1
1281.0 	0.00168616 	0.000165588 	1
1282.0 	0.00162151 	4.16648e-05 	2
1283.0 	0.00162502 	0.000149946 	1
1284.0 	0.00162629 	0.000155562 	1
1285.0 	0.00169006 	0.000159583 	1
1286.0 	0.00170035 	0.000163758 	1
1287.0 	0.00171742 	0.000162946 	1
1288.0 	0.00163595 	0.000159672 	1
1289.0 	0.00171292 	0.000161981 	1
1290.0 	0.00164839 	0.000161177 	1
1291.0 	0.00170079 	0.000160139 	1
1292.0 	0.00170333 	0.000163535 	1
1293.0 	0.00170805 	0.000163849 	1
1294.0 	0.00166169 	0.000163736 	1
1295.0 	0.00167459 	0.00015984 	1
1296.0 	0.00164984 	0.000162516 	1
1297.0 	0.00168547 	0.00016353 	1
1298.0 	0.00167543 	0.000166474 	1
1299.0 	0.00166543 	0.000165809 	1
1300.0 	0.00161573 	4.12594e-05 	2
1301.0 	0.00159024 	0.000149978 	1
1302.0 	0.00158572 	0.000157565 	1
1303.0 	0.0016277 	0.000161999 	1
1304.0 	0.00163176 	4.11539e-05 	2
1305.0 	0.00158981 	0.00015541 	1
1306.0 	0.00155503 	3.92707e-05 	2
1307.0 	0.00156703 	0.000148557 	1
1308.0 	0.00158498 	0.000156091 	1
1309.0 	0.00163322 	0.000161746 	1
1310.0 	0.00163517 	4.08814e-05 	2
1311.0 	0.00160788 	0.000154131 	1
1312.0 	0.00157656 	0.000157645 	1
1313.0 	0.00162603 	0.000160704 	1
1314.0 	0.00160681 	4.04064e-05 	2
1315.0 	0.0016275 	0.000149564 	1
1316.0 	0.00164708 	0.000156208 	1
1317.0 	0.00163936 	0.0001613 	1
1318.0 	0.00159138 	4.0416e-05 	2
1319.0 	0.00159576 	0.000147378 	1
1320.0 	0.00159387 	0.000153883 	1
1321.0 	0.00162604 	0.000159088 	1
1322.0 	0.00164022 	0.000162552 	1
1323.0 	0.00163731 	0.00016299 	1
1324.0 	0.00162941 	0.00016149 	1
1325.0 	0.00165893 	0.000160737 	1
1326.0 	0.00163033 	0.000161333 	1
1327.0 	0.00166318 	0.000161678 	1
1328.0 	0.00170522 	0.000164481 	1
1329.0 	0.00169747 	0.000165907 	1
1330.0 	0.00163567 	4.07467e-05 	2
1331.0 	0.00163931 	0.000148686 	1
1332.0 	0.00164959 	0.000154315 	1
1333.0 	0.00170609 	0.00016089 	1
1334.0 	0.00171309 	0.000164647 	1
1335.0 	0.0017124 	0.00016512 	1
1336.0 	0.00167611 	0.000164195 	1
1337.0 	0.00170549 	0.000162907 	1
1338.0 	0.00168585 	0.000163154 	1
1339.0 	0.00172316 	0.000164045 	1
1340.0 	0.0017107 	0.000164978 	1
1341.0 	0.00171189 	0.00016648 	1
1342.0 	0.00166002 	0.000164912 	1
1343.0 	0.00168003 	0.00016072 	1
1344.0 	0.00167049 	0.000162258 	1
1345.0 	0.00169003 	0.000159836 	1
1346.0 	0.00169001 	0.000164559 	1
1347.0 	0.00170497 	0.000162988 	1
1348.0 	0.00167337 	0.000163559 	1
1349.0 	0.00170816 	0.000161142 	1
1350.0 	0.00167093 	0.000162239 	1
1351.0 	0.0017014 	0.000160808 	1
1352.0 	0.00172929 	0.000164851 	1
1353.0 	0.00173527 	0.000165274 	1
1354.0 	0.00169438 	0.000165662 	1
1355.0 	0.00171502 	0.00016104 	1
1356.0 	0.00169443 	0.000162164 	1
1357.0 	0.00173332 	0.000162076 	1
1358.0 	0.00173631 	0.000164492 	1
1359.0 	0.00173594 	0.000166059 	1
1360.0 	0.00171051 	0.000165804 	1
1361.0 	0.00173249 	0.000163214 	1
1362.0 	0.00170296 	0.000163824 	1
1363.0 	0.00173174 	0.000162745 	1
1364.0 	0.00175503 	0.000164494 	1
1365.0 	0.00174536 	0.000166468 	1
1366.0 	0.0016819 	0.000164254 	1
1367.0 	0.00170795 	0.000161914 	1
1368.0 	0.00169065 	0.00016192 	1
1369.0 	0.00171261 	0.000164102 	1
1370.0 	0.0016871 	0.000164104 	1
1371.0 	0.0016616 	0.00016465 	1
1372.0 	0.00162915 	4.05302e-05 	2
1373.0 	0.00158546 	0.00014837 	1
1374.0 	0.00158371 	0.000154146 	1
1375.0 	0.00162383 	0.000159184 	1
1376.0 	0.00161696 	0.000161539 	1
1377.0 	0.00159277 	3.98558e-05 	2
1378.0 	0.00150884 	3.68943e-05 	2
1379.0 	0.00153358 	0.000144537 	1
1380.0 	0.00154223 	0.000152908 	1
1381.0 	0.001589 	0.000158363 	1
1382.0 	0.00161447 	3.97566e-05 	2
1383.0 	0.00157923 	0.000152888 	1
1384.0 	0.00156117 	0.000155772 	1
1385.0 	0.00161379 	0.000158574 	1
1386.0 	0.00162411 	0.000160173 	1
1387.0 	0.00168483 	0.000161537 	1
1388.0 	0.00172483 	0.000163789 	1
1389.0 	0.00175274 	0.000165073 	1
1390.0 	0.00170774 	0.00016409 	1
1391.0 	0.00173658 	0.00016105 	1
1392.0 	0.00173417 	0.000163424 	1
1393.0 	0.00175085 	0.000160984 	1
1394.0 	0.00177642 	0.000163433 	1
1395.0 	0.00177326 	0.000164223 	1
1396.0 	0.00176441 	0.000163146 	1
1397.0 	0.00180283 	0.000160452 	1
1398.0 	0.00176727 	0.00016053 	1
1399.0 	0.00180508 	0.000157915 	1
1400.0 	0.00181906 	0.000160973 	1
1401.0 	0.00181367 	0.000160718 	1
1402.0 	0.00178414 	0.000161416 	1
1403.0 	0.00180082 	0.000158387 	1
1404.0 	0.00176297 	0.000159532 	1
1405.0 	0.00177566 	0.000158744 	1
1406.0 	0.00178398 	0.000163906 	1
1407.0 	0.00175251 	0.000162757 	1
1408.0 	0.00170992 	0.000162388 	1
1409.0 	0.00173604 	0.000161849 	1
1410.0 	0.00170552 	0.000164399 	1
1411.0 	0.00171252 	0.000163411 	1
1412.0 	0.00172054 	0.000165059 	1
1413.0 	0.00171622 	0.000167012 	1
1414.0 	0.00166746 	0.000165745 	1
1415.0 	0.00166309 	0.000163748 	1
1416.0 	0.00163243 	4.12899e-05 	2
1417.0 	0.00162984 	0.000153734 	1
1418.0 	0.00163981 	0.000161018 	1
1419.0 	0.00164426 	4.02377e-05 	2
1420.0 	0.00157386 	0.000152746 	1
1421.0 	0.00155936 	3.80202e-05 	2
1422.0 	0.00150551 	0.000149753 	1
1423.0 	0.00157476 	0.000155612 	1
1424.0 	0.00158004 	4.01622e-05 	2
1425.0 	0.00155411 	0.000151762 	1
1426.0 	0.00154063 	3.82707e-05 	2
1427.0 	0.00157679 	0.00014688 	1
1428.0 	0.00158352 	0.000152869 	1
1429.0 	0.00165406 	0.000157562 	1
1430.0 	0.00166547 	0.000160072 	1
1431.0 	0.00167085 	0.00016159 	1
1432.0 	0.00165437 	0.000160544 	1
1433.0 	0.00169281 	0.000158738 	1
1434.0 	0.00169598 	0.000160516 	1
1435.0 	0.00173977 	0.000160314 	1
1436.0 	0.00174195 	0.000162037 	1
1437.0 	0.00175132 	0.000163786 	1
1438.0 	0.00174571 	0.00016364 	1
1439.0 	0.00179733 	0.000161868 	1
1440.0 	0.00179918 	0.000161922 	1
1441.0 	0.00182049 	0.000161343 	1
1442.0 	0.00183697 	0.000163708 	1
1443.0 	0.00186615 	0.000164178 	1
1444.0 	0.00186554 	0.000163343 	1
1445.0 	0.00187183 	0.00015939 	1
1446.0 	0.001843 	0.000162835 	1
1447.0 	0.00187991 	0.000161882 	1
1448.0 	0.00187215 	0.000166062 	1
1449.0 	0.00187007 	0.000165452 	1
1450.0 	0.00179369 	0.000165314 	1
1451.0 	0.00178829 	0.00016106 	1
1452.0 	0.00177344 	0.000163438 	1
1453.0 	0.00179625 	0.000161986 	1
1454.0 	0.0017942 	0.000165883 	1
1455.0 	0.00178049 	0.000166389 	1
1456.0 	0.0017361 	0.000165393 	1
1457.0 	0.00176353 	0.000162027 	1
1458.0 	0.00173247 	0.000164566 	1
1459.0 	0.00177021 	0.000163514 	1
1460.0 	0.00177107 	0.000166658 	1
1461.0 	0.00175052 	0.000167256 	1
1462.0 	0.00170108 	0.00016585 	1
1463.0 	0.0017096 	0.000162737 	1
1464.0 	0.00171235 	0.000165505 	1
1465.0 	0.00175266 	0.00016545 	1
1466.0 	0.00174782 	0.000169338 	1
1467.0 	0.00172061 	0.000169198 	1
1468.0 	0.00167702 	4.18825e-05 	2
1469.0 	0.00166098 	0.00015268 	1
1470.0 	0.00165809 	0.000160234 	1
1471.0 	0.0017096 	0.000164218 	1
1472.0 	0.00171039 	0.000167264 	1
1473.0 	0.00169861 	0.000167334 	1
1474.0 	0.00166196 	4.15275e-05 	2
1475.0 	0.00163919 	0.000151412 	1
1476.0 	0.00164593 	0.000157479 	1
1477.0 	0.00170185 	0.000160652 	1
1478.0 	0.00170458 	0.000164887 	1
1479.0 	0.00172906 	0.000165342 	1
1480.0 	0.00168752 	0.000163853 	1
1481.0 	0.00170965 	0.000159512 	1
1482.0 	0.00171683 	0.00016173 	1
1483.0 	0.00174827 	0.000159509 	1
1484.0 	0.0017609 	0.000162286 	1
1485.0 	0.00173383 	0.000162778 	1
1486.0 	0.00172579 	0.0001622 	1
1487.0 	0.00177618 	0.000159709 	1
1488.0 	0.00180361 	0.000161074 	1
1489.0 	0.00185786 	0.000162704 	1
1490.0 	0.00185506 	0.000166658 	1
1491.0 	0.00184128 	0.000167441 	1
1492.0 	0.00182097 	0.000166265 	1
1493.0 	0.00182754 	0.000163408 	1
1494.0 	0.0018445 	0.000166694 	1
1495.0 	0.00188702 	0.000165355 	1
1496.0 	0.00189525 	0.000167791 	1
1497.0 	0.00188369 	0.000169341 	1
1498.0 	0.00184023 	0.000169307 	1
1499.0 	0.00185596 	0.000165592 	1
1500.0 	0.00185228 	0.000168659 	1
1501.0 	0.00187028 	0.000167413 	1
1502.0 	0.0018715 	0.000170742 	1
1503.0 	0.00186353 	0.000170923 	1
1504.0 	0.00183153 	0.000170657 	1
1505.0 	0.00185545 	0.000166744 	1
1506.0 	0.00184152 	0.000169574 	1
1507.0 	0.00189429 	0.000166796 	1
1508.0 	0.00189844 	0.000170478 	1
1509.0 	0.00188937 	0.000170732 	1
1510.0 	0.00184027 	0.000171183 	1
1511.0 	0.00184145 	0.000166016 	1
1512.0 	0.00180702 	0.000168449 	1
1513.0 	0.00185979 	0.00016593 	1
1514.0 	0.00185582 	0.000171675 	1
1515.0 	0.00182192 	0.000169941 	1
1516.0 	0.0017867 	0.000169685 	1
1517.0 	0.00181322 	0.000165474 	1
1518.0 	0.00181146 	0.00016907 	1
1519.0 	0.00185784 	0.000168278 	1
1520.0 	0.00183838 	0.000171708 	1
1521.0 	0.00182612 	0.000170912 	1
1522.0 	0.00177976 	0.000169804 	1
1523.0 	0.00178753 	0.00016488 	1
1524.0 	0.00177084 	0.000167446 	1
1525.0 	0.00180103 	0.000166424 	1
1526.0 	0.00181478 	0.000171671 	1
1527.0 	0.00180722 	0.00017101 	1
1528.0 	0.00178938 	0.000170378 	1
1529.0 	0.00178239 	0.000167948 	1
1530.0 	0.00174177 	0.000169329 	1
1531.0 	0.00175135 	0.000166863 	1
1532.0 	0.00178151 	0.000169556 	1
1533.0 	0.00176095 	0.000169452 	1
1534.0 	0.00169865 	0.000167934 	1
1535.0 	0.00172747 	0.000163801 	1
1536.0 	0.00172233 	0.000165706 	1
1537.0 	0.0017682 	0.000164559 	1
1538.0 	0.00177484 	0.000166584 	1
1539.0 	0.00176636 	0.000168597 	1
1540.0 	0.00172844 	0.000167109 	1
1541.0 	0.00172818 	0.000162422 	1
1542.0 	0.00172547 	0.000165173 	1
1543.0 	0.00178129 	0.000164862 	1
1544.0 	0.00180908 	0.000167326 	1
1545.0 	0.00179205 	0.000169061 	1
1546.0 	0.00175036 	0.000168359 	1
1547.0 	0.00179776 	0.00016452 	1
1548.0 	0.00182106 	0.000166726 	1
1549.0 	0.00190329 	0.000168652 	1
1550.0 	0.00189054 	0.000171012 	1
1551.0 	0.00190846 	0.000172317 	1
1552.0 	0.00188362 	0.000172394 	1
1553.0 	0.00191382 	0.000167493 	1
1554.0 	0.00189104 	0.000171324 	1
1555.0 	0.00194553 	0.000170385 	1
1556.0 	0.00197936 	0.000174728 	1
1557.0 	0.0020065 	0.000175234 	1
1558.0 	0.00196358 	0.0001749 	1
1559.0 	0.00197318 	0.000170323 	1
1560.0 	0.0019623 	0.000173841 	1
1561.0 	0.00202176 	0.000171242 	1
1562.0 	0.00201001 	0.000176603 	1
1563.0 	0.00199984 	0.000175729 	1
1564.0 	0.00195832 	0.000175265 	1
1565.0 	0.00193837 	0.000169529 	1
1566.0 	0.00191122 	0.000174075 	1
1567.0 	0.00194506 	0.000170146 	1
1568.0 	0.00195338 	0.000175671 	1
1569.0 	0.00193258 	0.000173768 	1
1570.0 	0.00187177 	0.000173819 	1
1571.0 	0.001869 	0.000168249 	1
1572.0 	0.00187351 	0.000171696 	1
1573.0 	0.00191874 	0.000169974 	1
1574.0 	0.00192133 	0.000175212 	1
1575.0 	0.00191417 	0.00017489 	1
1576.0 	0.00188042 	0.00017599 	1
1577.0 	0.00188336 	0.000170761 	1
1578.0 	0.00186366 	0.000174286 	1
1579.0 	0.00190848 	0.00017243 	1
1580.0 	0.00193346 	0.000176077 	1
1581.0 	0.00189531 	0.000174775 	1
1582.0 	0.00180578 	0.000175826 	1
1583.0 	0.00180978 	0.000169559 	1
1584.0 	0.00180856 	0.000172511 	1
1585.0 	0.00185944 	0.000172237 	1
1586.0 	0.00187386 	0.000175181 	1
1587.0 	0.00186497 	0.000175965 	1
1588.0 	0.00182871 	0.00017509 	1
1589.0 	0.00182726 	0.000170143 	1
1590.0 	0.00180059 	0.000172604 	1
1591.0 	0.00183142 	0.000169849 	1
1592.0 	0.00184372 	0.00017398 	1
1593.0 	0.00184689 	0.000173239 	1
1594.0 	0.00178324 	0.000172821 	1
1595.0 	0.00181155 	0.000168099 	1
1596.0 	0.00181747 	0.000169688 	1
1597.0 	0.00185332 	0.000168323 	1
1598.0 	0.00186328 	0.00017212 	1
1599.0 	0.00187958 	0.000173069 	1
1600.0 	0.00183551 	0.000174014 	1
1601.0 	0.00183431 	0.000169143 	1
1602.0 	0.00183239 	0.000172 	1
1603.0 	0.00188314 	0.000169457 	1
1604.0 	0.00191998 	0.000176092 	1
1605.0 	0.00193312 	0.000175297 	1
1606.0 	0.00191134 	0.000176627 	1
1607.0 	0.00194026 	0.000170989 	1
1608.0 	0.00197309 	0.000175877 	1
1609.0 	0.00200734 	0.00017438 	1
1610.0 	0.00198408 	0.000179752 	1
1611.0 	0.00200106 	0.000178543 	1
1612.0 	0.00198184 	0.000181379 	1
1613.0 	0.00199424 	0.000175029 	1
1614.0 	0.00198162 	0.000177479 	1
1615.0 	0.00201705 	0.00017536 	1
1616.0 	0.00204571 	0.000181895 	1
1617.0 	0.00205157 	0.000179776 	1
1618.0 	0.00201274 	0.000180835 	1
1619.0 	0.00200273 	0.000172892 	1
1620.0 	0.00202176 	0.000178093 	1
1621.0 	0.0020891 	0.000176276 	1
1622.0 	0.00208919 	0.000183347 	1
1623.0 	0.00207515 	0.000181468 	1
1624.0 	0.00202057 	0.000183201 	1
1625.0 	0.00201543 	0.000176109 	1
1626.0 	0.00197255 	0.000180502 	1
1627.0 	0.00198519 	0.000176048 	1
1628.0 	0.00198422 	0.000183686 	1
1629.0 	0.00198719 	0.000180595 	1
1630.0 	0.0019117 	0.000181507 	1
1631.0 	0.00191443 	0.000174399 	1
1632.0 	0.00190933 	0.000179505 	1
1633.0 	0.00194531 	0.000176131 	1
1634.0 	0.00194884 	0.000182677 	1
1635.0 	0.00193176 	0.000180523 	1
1636.0 	0.0018819 	0.000181477 	1
1637.0 	0.00192041 	0.000174708 	1
1638.0 	0.00190388 	0.000177555 	1
1639.0 	0.00197949 	0.000176706 	1
1640.0 	0.00198023 	0.000182011 	1
1641.0 	0.00194454 	0.000180879 	1
1642.0 	0.00189456 	0.000180769 	1
1643.0 	0.00191097 	0.00017525 	1
1644.0 	0.00191004 	0.000178148 	1
1645.0 	0.00197359 	0.000177108 	1
1646.0 	0.00196471 	0.00018128 	1
1647.0 	0.00194391 	0.000181167 	1
1648.0 	0.00187934 	0.000180652 	1
1649.0 	0.00188626 	0.000174091 	1
1650.0 	0.00189668 	0.000177895 	1
1651.0 	0.00195823 	0.000175909 	1
1652.0 	0.00200067 	0.000181267 	1
1653.0 	0.00199953 	0.000178633 	1
1654.0 	0.00194662 	0.00017925 	1
1655.0 	0.00197684 	0.000173367 	1
1656.0 	0.00196923 	0.000176381 	1
1657.0 	0.00200652 	0.00017516 	1
1658.0 	0.00201638 	0.000181485 	1
1659.0 	0.00199133 	0.000179249 	1
1660.0 	0.00193148 	0.0001803 	1
1661.0 	0.00194612 	0.000175137 	1
1662.0 	0.00194034 	0.000178117 	1
1663.0 	0.00199679 	0.000176588 	1
1664.0 	0.00206032 	0.000183044 	1
1665.0 	0.00204865 	0.000183727 	1
1666.0 	0.00202181 	0.000186112 	1
1667.0 	0.00204877 	0.000178862 	1
1668.0 	0.00207604 	0.000184243 	1
1669.0 	0.00214638 	0.000182509 	1
1670.0 	0.00216451 	0.000188875 	1
1671.0 	0.00216937 	0.000187858 	1
1672.0 	0.00213838 	0.000190261 	1
1673.0 	0.00218094 	0.000183145 	1
1674.0 	0.002181 	0.000187809 	1
1675.0 	0.00221311 	0.000183873 	1
1676.0 	0.00224247 	0.000191283 	1
1677.0 	0.00221301 	0.000188548 	1
1678.0 	0.00213549 	0.000190651 	1
1679.0 	0.00213173 	0.000183713 	1
1680.0 	0.00212667 	0.000189451 	1
1681.0 	0.00215854 	0.000184948 	1
1682.0 	0.00215821 	0.000191724 	1
1683.0 	0.0021111 	0.000189839 	1
1684.0 	0.00204383 	0.00019322 	1
1685.0 	0.00203155 	0.0001851 	1
1686.0 	0.00195704 	0.000189782 	1
1687.0 	0.00199218 	0.000185234 	1
1688.0 	0.00200103 	0.000191316 	1
1689.0 	0.00197954 	0.000188786 	1
1690.0 	0.00192196 	0.000188719 	1
1691.0 	0.00192984 	0.000181047 	1
1692.0 	0.00191332 	0.000187156 	1
1693.0 	0.00199783 	0.000183977 	1
1694.0 	0.0020339 	0.000190522 	1
1695.0 	0.00201527 	0.000188619 	1
1696.0 	0.00196095 	0.000189713 	1
1697.0 	0.00194998 	0.000180815 	1
1698.0 	0.00193965 	0.000186566 	1
1699.0 	0.0020111 	0.000183278 	1
1700.0 	0.0020207 	0.000188581 	1
1701.0 	0.00203089 	0.000186826 	1
1702.0 	0.00197179 	0.000188263 	1
1703.0 	0.00200616 	0.00018097 	1
1704.0 	0.00198208 	0.000183483 	1
1705.0 	0.00206474 	0.000181723 	1
1706.0 	0.00209649 	0.000187941 	1
1707.0 	0.00210775 	0.000185514 	1
1708.0 	0.00208218 	0.000187015 	1
1709.0 	0.0020898 	0.000179768 	1
1710.0 	0.00203187 	0.000181649 	1
1711.0 	0.00214551 	0.000181515 	1
1712.0 	0.00217403 	0.000185771 	1
1713.0 	0.00215676 	0.000185169 	1
1714.0 	0.00211952 	0.000185192 	1
1715.0 	0.00214096 	0.000179851 	1
1716.0 	0.00213165 	0.000181859 	1
1717.0 	0.00219955 	0.000183168 	1
1718.0 	0.00224216 	0.000189288 	1
1719.0 	0.00225028 	0.000188803 	1
1720.0 	0.00221714 	0.000191923 	1
1721.0 	0.00224786 	0.000185873 	1
1722.0 	0.00222536 	0.000189937 	1
1723.0 	0.0022871 	0.00018735 	1
1724.0 	0.00226209 	0.000193829 	1
1725.0 	0.00228289 	0.000191295 	1
1726.0 	0.00225064 	0.000197353 	1
1727.0 	0.00225694 	0.000187042 	1
1728.0 	0.00225862 	0.000192593 	1
1729.0 	0.00231701 	0.000189997 	1
1730.0 	0.00233004 	0.000198575 	1
1731.0 	0.00235147 	0.000197146 	1
1732.0 	0.00228807 	0.000202549 	1
1733.0 	0.00227281 	0.000194367 	1
1734.0 	0.00223553 	0.000199156 	1
1735.0 	0.00230826 	0.000196426 	1
1736.0 	0.0022926 	0.000203995 	1
1737.0 	0.0022813 	0.000201123 	1
1738.0 	0.00218231 	0.000203936 	1
1739.0 	0.00214642 	0.000192217 	1
1740.0 	0.00211668 	0.000197594 	1
1741.0 	0.00221398 	0.000194968 	1
1742.0 	0.0021983 	0.000202919 	1
1743.0 	0.00219715 	0.000199119 	1
1744.0 	0.00212044 	0.000201395 	1
1745.0 	0.00212544 	0.000191774 	1
1746.0 	0.00204936 	0.000198178 	1
1747.0 	0.00212581 	0.000193683 	1
1748.0 	0.00213656 	0.00020046 	1
1749.0 	0.00214458 	0.000196255 	1
1750.0 	0.00206539 	0.000197813 	1
1751.0 	0.002076 	0.000188645 	1
1752.0 	0.00204944 	0.000192618 	1
1753.0 	0.00213231 	0.000190751 	1
1754.0 	0.00212256 	0.000196509 	1
1755.0 	0.00214462 	0.00019299 	1
1756.0 	0.0020992 	0.000194522 	1
1757.0 	0.00214036 	0.000185727 	1
1758.0 	0.00210906 	0.000190155 	1
1759.0 	0.00216755 	0.000187954 	1
1760.0 	0.00216028 	0.000193224 	1
1761.0 	0.00217121 	0.00019277 	1
1762.0 	0.00212142 	0.00019269 	1
1763.0 	0.00214048 	0.00018814 	1
1764.0 	0.00213252 	0.000190373 	1
1765.0 	0.00219912 	0.000189697 	1
1766.0 	0.002214 	0.000194652 	1
1767.0 	0.00222669 	0.000195274 	1
1768.0 	0.00219084 	0.000195427 	1
1769.0 	0.00222373 	0.00019054 	1
1770.0 	0.00221134 	0.000193323 	1
1771.0 	0.002319 	0.000191993 	1
1772.0 	0.002304 	0.000197509 	1
1773.0 	0.00232681 	0.000196804 	1
1774.0 	0.00227849 	0.00020185 	1
1775.0 	0.00231452 	0.000192784 	1
1776.0 	0.00229313 	0.000196242 	1
1777.0 	0.00235118 	0.000195278 	1
1778.0 	0.00237748 	0.000201775 	1
1779.0 	0.00238031 	0.000198292 	1
1780.0 	0.00234588 	0.000202508 	1
1781.0 	0.00234175 	0.000194009 	1
1782.0 	0.0022575 	0.00019742 	1
1783.0 	0.00233642 	0.000196001 	1
1784.0 	0.00235575 	0.000205683 	1
1785.0 	0.00237187 	0.000205679 	1
1786.0 	0.00229315 	0.000207611 	1
1787.0 	0.00232725 	0.00019848 	1
1788.0 	0.00230582 	0.000207347 	1
1789.0 	0.00238264 	0.0002033 	1
1790.0 	0.0023697 	0.0002116 	1
1791.0 	0.0023403 	0.000209718 	1
1792.0 	0.0022958 	0.000213175 	1
1793.0 	0.00234013 	0.000202925 	1
1794.0 	0.00227429 	0.000209971 	1
1795.0 	0.00231166 	0.000204463 	1
1796.0 	0.00234098 	0.000211804 	1
1797.0 	0.00233556 	0.000206405 	1
1798.0 	0.00228103 	0.000211626 	1
1799.0 	0.00227516 	0.000199849 	1
1800.0 	0.00219812 	0.00020659 	1
1801.0 	0.00227765 	0.000200725 	1
1802.0 	0.00226755 	0.000208568 	1
1803.0 	0.00227371 	0.000203117 	1
1804.0 	0.00223266 	0.000207512 	1
1805.0 	0.00222253 	0.000196403 	1
1806.0 	0.00212215 	0.000201303 	1
1807.0 	0.00221031 	0.000197312 	1
1808.0 	0.00221608 	0.000203206 	1
1809.0 	0.00222275 	0.000198852 	1
1810.0 	0.00215549 	0.000200928 	1
1811.0 	0.00218181 	0.000192029 	1
1812.0 	0.00212526 	0.000198216 	1
1813.0 	0.0022093 	0.000194998 	1
1814.0 	0.00218847 	0.000199691 	1
1815.0 	0.00223032 	0.000199712 	1
1816.0 	0.00218889 	0.000202244 	1
1817.0 	0.00221876 	0.000197367 	1
1818.0 	0.00217646 	0.000199653 	1
1819.0 	0.00228955 	0.000199507 	1
1820.0 	0.00233259 	0.000206658 	1
1821.0 	0.00236672 	0.000205981 	1
1822.0 	0.00230974 	0.000207308 	1
1823.0 	0.00238852 	0.000199124 	1
1824.0 	0.0023971 	0.000202521 	1
1825.0 	0.00248956 	0.000202293 	1
1826.0 	0.0024841 	0.00020851 	1
1827.0 	0.00247262 	0.00020613 	1
1828.0 	0.0024318 	0.000208678 	1
1829.0 	0.00242781 	0.000199792 	1
1830.0 	0.00238909 	0.000204225 	1
1831.0 	0.00247446 	0.000201604 	1
1832.0 	0.00247741 	0.000207784 	1
1833.0 	0.00246513 	0.000206313 	1
1834.0 	0.0023764 	0.000207376 	1
1835.0 	0.00244704 	0.000198164 	1
1836.0 	0.0024587 	0.000206741 	1
1837.0 	0.00252861 	0.000205242 	1
1838.0 	0.00253071 	0.000211938 	1
1839.0 	0.00250526 	0.000209427 	1
1840.0 	0.0024042 	0.000212989 	1
1841.0 	0.00243948 	0.000205599 	1
1842.0 	0.00236434 	0.000213238 	1
1843.0 	0.00246352 	0.000209197 	1
1844.0 	0.00250923 	0.000219343 	1
1845.0 	0.00253102 	0.000216416 	1
1846.0 	0.00244772 	0.000219207 	1
1847.0 	0.00247081 	0.00021032 	1
1848.0 	0.00243946 	0.000217447 	1
1849.0 	0.00252234 	0.00021364 	1
1850.0 	0.00254811 	0.000222949 	1
1851.0 	0.00254238 	0.000216907 	1
1852.0 	0.00248757 	0.000221394 	1
1853.0 	0.00251422 	0.000209044 	1
1854.0 	0.0024319 	0.000216639 	1
1855.0 	0.00251971 	0.000211891 	1
1856.0 	0.00252567 	0.000219107 	1
1857.0 	0.00252724 	0.000215322 	1
1858.0 	0.00244405 	0.00021784 	1
1859.0 	0.00244914 	0.000205437 	1
1860.0 	0.00239326 	0.00021521 	1
1861.0 	0.00243623 	0.000207587 	1
1862.0 	0.00238162 	0.000216717 	1
1863.0 	0.0023491 	0.000211381 	1
1864.0 	0.00227933 	0.000214079 	1
1865.0 	0.00229763 	0.000206042 	1
1866.0 	0.00223708 	0.000210731 	1
1867.0 	0.00231622 	0.000204974 	1
1868.0 	0.00237023 	0.000213046 	1
1869.0 	0.00236725 	0.000212118 	1
1870.0 	0.00228445 	0.00021341 	1
1871.0 	0.00230259 	0.000205812 	1
1872.0 	0.00226679 	0.000210689 	1
1873.0 	0.00238733 	0.000211632 	1
1874.0 	0.00242758 	0.000219005 	1
1875.0 	0.00245404 	0.000215472 	1
1876.0 	0.00244442 	0.000217256 	1
1877.0 	0.00248926 	0.000209267 	1
1878.0 	0.002436 	0.000212222 	1
1879.0 	0.00255694 	0.000209437 	1
1880.0 	0.00254733 	0.0002167 	1
1881.0 	0.00253837 	0.000215523 	1
1882.0 	0.00243158 	0.0002155 	1
1883.0 	0.00247758 	0.00020455 	1
1884.0 	0.00247136 	0.000212458 	1
1885.0 	0.00256528 	0.000209974 	1
1886.0 	0.00254737 	0.000215885 	1
1887.0 	0.00252548 	0.000214799 	1
1888.0 	0.0024608 	0.000215163 	1
1889.0 	0.00253955 	0.000208659 	1
1890.0 	0.00252121 	0.000214373 	1
1891.0 	0.00260264 	0.00021299 	1
1892.0 	0.00261064 	0.000220326 	1
1893.0 	0.00264131 	0.000217742 	1
1894.0 	0.00253361 	0.000220196 	1
1895.0 	0.00258031 	0.000211668 	1
1896.0 	0.00256632 	0.000218404 	1
1897.0 	0.00264216 	0.00021709 	1
1898.0 	0.00267664 	0.000226614 	1
1899.0 	0.00267201 	0.000221823 	1
1900.0 	0.0025802 	0.00022534 	1
1901.0 	0.00262313 	0.000216127 	1
1902.0 	0.00265074 	0.000223846 	1
1903.0 	0.00275715 	0.000218286 	1
1904.0 	0.00275012 	0.000228596 	1
1905.0 	0.00272522 	0.000225777 	1
1906.0 	0.00264158 	0.0002293 	1
1907.0 	0.0026672 	0.000215812 	1
1908.0 	0.00265129 	0.000224718 	1
1909.0 	0.00271557 	0.000217569 	1
1910.0 	0.00270186 	0.000228687 	1
1911.0 	0.00266231 	0.000222166 	1
1912.0 	0.00259975 	0.000227044 	1
1913.0 	0.00264428 	0.000213398 	1
1914.0 	0.00253521 	0.000221067 	1
1915.0 	0.00258382 	0.000213963 	1
1916.0 	0.00260276 	0.000224742 	1
1917.0 	0.00258639 	0.000221016 	1
1918.0 	0.00244152 	0.000226265 	1
1919.0 	0.0024356 	0.000214027 	1
1920.0 	0.0024277 	0.000221612 	1
1921.0 	0.00253395 	0.000219287 	1
1922.0 	0.00253899 	0.000228157 	1
1923.0 	0.00252503 	0.000224686 	1
1924.0 	0.00244075 	0.000227347 	1
1925.0 	0.0024801 	0.00021635 	1
1926.0 	0.002397 	0.000221532 	1
1927.0 	0.00250008 	0.000218208 	1
1928.0 	0.00252516 	0.000224638 	1
1929.0 	0.00255106 	0.00022421 	1
1930.0 	0.00243118 	0.000225253 	1
1931.0 	0.00249659 	0.00021556 	1
1932.0 	0.00252452 	0.000222914 	1
1933.0 	0.0026818 	0.000220043 	1
1934.0 	0.00269641 	0.000227085 	1
1935.0 	0.00266242 	0.000225409 	1
1936.0 	0.00256765 	0.000225667 	1
1937.0 	0.00268301 	0.000219137 	1
1938.0 	0.00267044 	0.000222963 	1
1939.0 	0.00275301 	0.000219509 	1
1940.0 	0.00278926 	0.00022649 	1
1941.0 	0.00275951 	0.000223659 	1
1942.0 	0.00262207 	0.000225898 	1
1943.0 	0.00266623 	0.000212343 	1
1944.0 	0.0026651 	0.000218813 	1
1945.0 	0.00282229 	0.000219276 	1
1946.0 	0.00282404 	0.000228372 	1
1947.0 	0.00283133 	0.000224335 	1
1948.0 	0.00273802 	0.00022727 	1
1949.0 	0.00281553 	0.000217261 	1
1950.0 	0.0028114 	0.000222197 	1
1951.0 	0.00291983 	0.00022212 	1
1952.0 	0.00291027 	0.000229876 	1
1953.0 	0.00290523 	0.000229933 	1
1954.0 	0.00282473 	0.000231687 	1
1955.0 	0.00288708 	0.000220336 	1
1956.0 	0.00286544 	0.000228488 	1
1957.0 	0.00294868 	0.000225614 	1
1958.0 	0.00296496 	0.000234794 	1
1959.0 	0.00298885 	0.000231799 	1
1960.0 	0.00285922 	0.000232547 	1
1961.0 	0.00292102 	0.000222482 	1
1962.0 	0.00289007 	0.000232093 	1
1963.0 	0.00294539 	0.000227167 	1
1964.0 	0.00294896 	0.000238149 	1
1965.0 	0.00293847 	0.000231563 	1
1966.0 	0.00278354 	0.000233693 	1
1967.0 	0.00280655 	0.000222255 	1
1968.0 	0.00272376 	0.000232786 	1
1969.0 	0.00277749 	0.000227659 	1
1970.0 	0.00275719 	0.000238657 	1
1971.0 	0.0027128 	0.000233293 	1
1972.0 	0.00258865 	0.00023814 	1
1973.0 	0.00269247 	0.000225159 	1
1974.0 	0.0026363 	0.000233385 	1
1975.0 	0.00275889 	0.000231183 	1
1976.0 	0.00276891 	0.0002408 	1
1977.0 	0.00275314 	0.000239342 	1
1978.0 	0.00258175 	0.000240431 	1
1979.0 	0.00265167 	0.000227857 	1
1980.0 	0.00265014 	0.000235826 	1
1981.0 	0.00275706 	0.00023366 	1
1982.0 	0.0027495 	0.000238842 	1
1983.0 	0.00273557 	0.000235365 	1
1984.0 	0.00267008 	0.000239034 	1
1985.0 	0.00278542 	0.000229782 	1
1986.0 	0.00273272 	0.000233718 	1
1987.0 	0.00279982 	0.000230309 	1
1988.0 	0.00281609 	0.000238412 	1
1989.0 	0.00283281 	0.000233924 	1
1990.0 	0.00268087 	0.000234005 	1
1991.0 	0.0027608 	0.000223465 	1
1992.0 	0.00276185 	0.00022626 	1
1993.0 	0.00291067 	0.000228229 	1
1994.0 	0.00289062 	0.000235572 	1
1995.0 	0.00288212 	0.000231577 	1
1996.0 	0.00279116 	0.0002357 	1
1997.0 	0.00282913 	0.000223203 	1
1998.0 	0.00280225 	0.000227462 	1
1999.0 	0.00294288 	0.000225948 	1
2000.0 	0.00294594 	0.000234363 	1
