# time 	Initial 	Final 	Iterations
121.0 	0.00669196 	0.000257093 	2
122.0 	0.00654638 	0.000258925 	2
123.0 	0.00646206 	0.000257082 	2
124.0 	0.00635071 	0.000260377 	2
125.0 	0.00628487 	0.000259008 	2
126.0 	0.00619176 	0.000260363 	2
127.0 	0.00620024 	0.000260696 	2
128.0 	0.00657841 	0.000263931 	2
129.0 	0.0062343 	0.0002571 	2
130.0 	0.00609741 	0.000261958 	2
131.0 	0.00601093 	0.000259438 	2
132.0 	0.00590436 	0.000261596 	2
133.0 	0.00587235 	0.00026055 	2
134.0 	0.00580061 	0.000264055 	2
135.0 	0.00575072 	0.000262133 	2
136.0 	0.00568551 	0.000264991 	2
137.0 	0.00567067 	0.000264057 	2
138.0 	0.00561973 	0.000264124 	2
139.0 	0.00560534 	0.0002638 	2
140.0 	0.00557464 	0.000267784 	2
141.0 	0.00557364 	0.000266601 	2
142.0 	0.00549434 	0.000268022 	2
143.0 	0.00551815 	0.000268003 	2
144.0 	0.00587626 	0.000295065 	2
145.0 	0.00608112 	0.00026771 	2
146.0 	0.00552129 	0.000265054 	2
147.0 	0.00542473 	0.000266839 	2
148.0 	0.00526362 	0.000263701 	2
149.0 	0.00523879 	0.000262901 	2
150.0 	0.00513519 	0.00026364 	2
151.0 	0.0051358 	0.000266368 	2
152.0 	0.00506951 	0.000264793 	2
153.0 	0.00506161 	0.000265289 	2
154.0 	0.00501131 	0.000264641 	2
155.0 	0.00497011 	0.000264462 	2
156.0 	0.00494491 	0.000265046 	2
157.0 	0.00487019 	0.000263089 	2
158.0 	0.0048673 	0.000263999 	2
159.0 	0.00480537 	0.000265252 	2
160.0 	0.0047995 	0.000265932 	2
161.0 	0.00473903 	0.000265585 	2
162.0 	0.00473038 	0.000265465 	2
163.0 	0.0046682 	0.000265964 	2
164.0 	0.0046759 	0.00026608 	2
165.0 	0.0046137 	0.00026291 	2
166.0 	0.00460602 	0.000264998 	2
167.0 	0.00455094 	0.000266164 	2
168.0 	0.00456233 	0.000266313 	2
169.0 	0.00450462 	0.00026699 	2
170.0 	0.00449649 	0.000266515 	2
171.0 	0.00445826 	0.000269092 	2
172.0 	0.00441502 	0.000263722 	2
173.0 	0.00437432 	0.000264117 	2
174.0 	0.00436272 	0.000265995 	2
175.0 	0.00432007 	0.000265851 	2
176.0 	0.00428926 	0.000265161 	2
177.0 	0.00427332 	0.000265217 	2
178.0 	0.00424663 	0.000264921 	2
179.0 	0.00422471 	0.000267803 	2
180.0 	0.00418243 	0.000261528 	2
181.0 	0.00415424 	0.000263675 	2
182.0 	0.00413435 	0.000262194 	2
183.0 	0.00413455 	0.000266927 	2
184.0 	0.00409495 	0.000263283 	2
185.0 	0.00407449 	0.000265455 	2
186.0 	0.00404067 	0.000263434 	2
187.0 	0.00402229 	0.000265509 	2
188.0 	0.00401074 	0.000265437 	2
189.0 	0.00398366 	0.000264413 	2
190.0 	0.0039438 	0.000262685 	2
191.0 	0.00393572 	0.000266442 	2
192.0 	0.00392772 	0.000267036 	2
193.0 	0.00390795 	0.000268555 	2
194.0 	0.0038942 	0.000266165 	2
195.0 	0.00385624 	0.000268394 	2
196.0 	0.00385175 	0.00026606 	2
197.0 	0.00508745 	0.000370922 	2
198.0 	0.00514993 	0.000273664 	2
199.0 	0.00435889 	0.000271613 	2
200.0 	0.00424168 	0.000272374 	2
201.0 	0.00398669 	0.000267048 	2
202.0 	0.00386174 	0.00026773 	2
203.0 	0.00379643 	0.00026772 	2
204.0 	0.00374189 	0.00026688 	2
205.0 	0.00371607 	0.000269412 	2
206.0 	0.00369396 	0.00026817 	2
207.0 	0.00366044 	0.000268916 	2
208.0 	0.00365812 	0.000267496 	2
209.0 	0.00361565 	0.000268511 	2
210.0 	0.00360781 	0.000267997 	2
211.0 	0.00359079 	0.000268543 	2
212.0 	0.00359541 	0.000268348 	2
213.0 	0.00357076 	0.000268198 	2
214.0 	0.00355614 	0.000266655 	2
215.0 	0.00351698 	0.000267307 	2
216.0 	0.00348493 	0.000266192 	2
217.0 	0.00348015 	0.000266954 	2
218.0 	0.00346861 	0.000265571 	2
219.0 	0.00344195 	0.000267203 	2
220.0 	0.00343342 	0.000265842 	2
221.0 	0.00342006 	0.00026691 	2
222.0 	0.00341331 	0.000265591 	2
223.0 	0.00341653 	0.000267306 	2
224.0 	0.00340189 	0.000267383 	2
225.0 	0.00340527 	0.000267946 	2
226.0 	0.00338272 	0.000268179 	2
227.0 	0.00337547 	0.000267023 	2
228.0 	0.00337212 	0.000265566 	2
229.0 	0.00336168 	0.000268446 	2
230.0 	0.00335751 	0.000267542 	2
231.0 	0.00333014 	0.000269753 	2
232.0 	0.00332362 	0.000267401 	2
233.0 	0.00330717 	0.000268808 	2
234.0 	0.00329227 	0.00026672 	2
235.0 	0.00326638 	0.000268026 	2
236.0 	0.00327958 	0.000268206 	2
237.0 	0.00325208 	0.000266679 	2
238.0 	0.00321869 	0.000265042 	2
239.0 	0.00319554 	0.000266811 	2
240.0 	0.00318446 	0.000265218 	2
241.0 	0.00316889 	0.000267172 	2
242.0 	0.00315781 	0.000265892 	2
243.0 	0.0031399 	0.000267284 	2
244.0 	0.00313544 	0.00026598 	2
245.0 	0.00312015 	0.000266882 	2
246.0 	0.00311154 	0.000265615 	2
247.0 	0.00309552 	0.000266857 	2
248.0 	0.00309131 	0.000265156 	2
249.0 	0.00308023 	0.000266557 	2
250.0 	0.00307479 	0.000265275 	2
251.0 	0.00305752 	0.000266596 	2
252.0 	0.00305119 	0.000265966 	2
253.0 	0.00305369 	0.000267191 	2
254.0 	0.00304427 	0.000267501 	2
255.0 	0.00304599 	0.000267969 	2
256.0 	0.00303757 	0.000266732 	2
257.0 	0.00301896 	0.000267315 	2
258.0 	0.00299619 	0.00026662 	2
259.0 	0.00300106 	0.000266856 	2
260.0 	0.00298613 	0.000266128 	2
261.0 	0.00298068 	0.000266426 	2
262.0 	0.00296126 	0.000266216 	2
263.0 	0.00296753 	0.000266677 	2
264.0 	0.00294945 	0.000265925 	2
265.0 	0.00294965 	0.000265895 	2
266.0 	0.00292477 	0.000265406 	2
267.0 	0.00292833 	0.000265478 	2
268.0 	0.00290733 	0.000265422 	2
269.0 	0.00291749 	0.000265616 	2
270.0 	0.00289052 	0.000265262 	2
271.0 	0.00289275 	0.000265327 	2
272.0 	0.00287327 	0.000265427 	2
273.0 	0.00288448 	0.000265452 	2
274.0 	0.00285826 	0.000265191 	2
275.0 	0.00285879 	0.000265059 	2
276.0 	0.0028415 	0.000265121 	2
277.0 	0.00285389 	0.000264836 	2
278.0 	0.00282669 	0.000264276 	2
279.0 	0.00282691 	0.000264299 	2
280.0 	0.00282959 	0.000265298 	2
281.0 	0.00283816 	0.000263808 	2
282.0 	0.00280165 	0.000263599 	2
283.0 	0.00280316 	0.000263644 	2
284.0 	0.00278801 	0.000263555 	2
285.0 	0.00279728 	0.000263458 	2
286.0 	0.00277335 	0.000263035 	2
287.0 	0.00277341 	0.000263152 	2
288.0 	0.00275583 	0.000263058 	2
289.0 	0.00277012 	0.000262507 	2
290.0 	0.00274306 	0.000262541 	2
291.0 	0.00275171 	0.000262669 	2
292.0 	0.00273056 	0.000262391 	2
293.0 	0.00274187 	0.000262024 	2
294.0 	0.00271638 	0.000261876 	2
295.0 	0.00272467 	0.000261617 	2
296.0 	0.0027029 	0.000261613 	2
297.0 	0.00271795 	0.000260914 	2
298.0 	0.00269093 	0.000261 	2
299.0 	0.00270066 	0.000259619 	2
300.0 	0.00268256 	0.000259961 	2
301.0 	0.00270048 	0.000258438 	2
302.0 	0.00266552 	0.000258707 	2
303.0 	0.00267405 	0.000257518 	2
304.0 	0.00265678 	0.0002582 	2
305.0 	0.00267495 	0.000256702 	2
306.0 	0.00264744 	0.00025959 	2
307.0 	0.002656 	0.000257748 	2
308.0 	0.00264466 	0.000260482 	2
309.0 	0.00265929 	0.000258879 	2
310.0 	0.00262442 	0.000261702 	2
311.0 	0.0026412 	0.000259067 	2
312.0 	0.0026231 	0.000261663 	2
313.0 	0.00264956 	0.000258895 	2
314.0 	0.00261746 	0.000261444 	2
315.0 	0.00263476 	0.000258697 	2
316.0 	0.00260909 	0.000111314 	3
317.0 	0.00259091 	0.000248943 	2
318.0 	0.0025731 	0.000255066 	2
319.0 	0.00259992 	0.000254035 	2
320.0 	0.00257811 	0.000257186 	2
321.0 	0.00260266 	0.000254263 	2
322.0 	0.00257135 	0.000256836 	2
323.0 	0.00258307 	0.000253781 	2
324.0 	0.00256235 	0.000109503 	3
325.0 	0.00254495 	0.000244186 	2
326.0 	0.00252706 	0.000250397 	2
327.0 	0.00255014 	0.000249097 	2
328.0 	0.00253001 	0.00025267 	2
329.0 	0.00255473 	0.000249653 	2
330.0 	0.00252856 	0.000252419 	2
331.0 	0.00254074 	0.000249134 	2
332.0 	0.0025191 	0.000107973 	3
333.0 	0.00250682 	0.000240089 	2
334.0 	0.0024886 	0.000246481 	2
335.0 	0.00250983 	0.000245079 	2
336.0 	0.00249347 	0.000248765 	2
337.0 	0.00252145 	0.00024546 	2
338.0 	0.00248804 	0.000248558 	2
339.0 	0.00250482 	0.000245169 	2
340.0 	0.00248324 	0.000106561 	3
341.0 	0.002476 	0.000236578 	2
342.0 	0.00246069 	0.00024335 	2
343.0 	0.00248399 	0.000241676 	2
344.0 	0.00245816 	0.000245258 	2
345.0 	0.00248708 	0.000241867 	2
346.0 	0.00245849 	0.000244944 	2
347.0 	0.00246855 	0.000241369 	2
348.0 	0.00244184 	0.000104903 	3
349.0 	0.00243269 	0.000232527 	2
350.0 	0.00241346 	0.000239056 	2
351.0 	0.00243788 	0.000237228 	2
352.0 	0.00241409 	0.000241063 	2
353.0 	0.00244517 	0.000237726 	2
354.0 	0.00241076 	0.000103601 	3
355.0 	0.00239362 	0.00022942 	2
356.0 	0.00237854 	0.000235815 	2
357.0 	0.00241552 	0.000233899 	2
358.0 	0.00238451 	0.000237759 	2
359.0 	0.00240638 	0.00023418 	2
360.0 	0.00237724 	0.000237485 	2
361.0 	0.00240453 	0.000233826 	2
362.0 	0.00236561 	0.000235823 	2
363.0 	0.00239309 	0.000232017 	2
364.0 	0.00235939 	0.000234311 	2
365.0 	0.00238445 	0.000230763 	2
366.0 	0.00234565 	0.000233453 	2
367.0 	0.00236556 	0.000229574 	2
368.0 	0.0023352 	0.000232288 	2
369.0 	0.00236133 	0.000228522 	2
370.0 	0.00232571 	0.000231503 	2
371.0 	0.00234616 	0.000227408 	2
372.0 	0.00231862 	0.000230237 	2
373.0 	0.00234409 	0.000226456 	2
374.0 	0.00231207 	0.000229568 	2
375.0 	0.00233491 	0.000225654 	2
376.0 	0.00230754 	0.000228576 	2
377.0 	0.00233028 	0.000224948 	2
378.0 	0.00229973 	0.000228056 	2
379.0 	0.00232387 	0.000224081 	2
380.0 	0.00229718 	0.000226982 	2
381.0 	0.00232061 	0.000223189 	2
382.0 	0.00228538 	0.000226281 	2
383.0 	0.00230783 	0.000222216 	2
384.0 	0.00227853 	0.000225049 	2
385.0 	0.00230363 	0.000221228 	2
386.0 	0.00227197 	0.000224207 	2
387.0 	0.00229875 	0.000220201 	2
388.0 	0.00227112 	0.000223017 	2
389.0 	0.00229637 	0.00021915 	2
390.0 	0.00226354 	0.000222033 	2
391.0 	0.00228499 	0.000217969 	2
392.0 	0.00225511 	0.000220625 	2
393.0 	0.00228443 	0.00021686 	2
394.0 	0.00225324 	0.000219835 	2
395.0 	0.00227826 	0.000215666 	2
396.0 	0.00225166 	0.000218315 	2
397.0 	0.00227463 	0.000214472 	2
398.0 	0.00224387 	0.000217192 	2
399.0 	0.00226999 	0.000215704 	2
400.0 	0.00225103 	0.000218171 	2
401.0 	0.00227261 	0.000213392 	2
402.0 	0.00224021 	0.000215586 	2
403.0 	0.00227284 	0.000213983 	2
404.0 	0.00225028 	0.000216366 	2
405.0 	0.00227469 	0.000211651 	2
406.0 	0.00223588 	0.000213564 	2
407.0 	0.00226627 	0.000211869 	2
408.0 	0.00224572 	0.00021416 	2
409.0 	0.00227097 	0.000209337 	2
410.0 	0.00223843 	0.000211093 	2
411.0 	0.00226462 	0.000209414 	2
412.0 	0.00223867 	0.000211598 	2
413.0 	0.00225848 	0.000206784 	2
414.0 	0.0022198 	0.000208403 	2
415.0 	0.00224614 	0.000206542 	2
416.0 	0.00220863 	0.000208791 	2
417.0 	0.00224099 	0.000206194 	2
418.0 	0.0022054 	0.000207693 	2
419.0 	0.00223192 	0.000202906 	2
420.0 	0.00219095 	0.000204538 	2
421.0 	0.0022256 	0.000202789 	2
422.0 	0.00218979 	0.0002046 	2
423.0 	0.00221702 	0.00020214 	2
424.0 	0.00218762 	0.000203529 	2
425.0 	0.00221887 	0.000201081 	2
426.0 	0.00218507 	0.000202254 	2
427.0 	0.00221814 	0.000199853 	2
428.0 	0.00218624 	0.000201189 	2
429.0 	0.00221028 	0.000196655 	2
430.0 	0.00217786 	0.000197703 	2
431.0 	0.00219996 	0.000196207 	2
432.0 	0.00217106 	0.000197701 	2
433.0 	0.00219479 	0.000193403 	2
434.0 	0.00216217 	0.000194552 	2
435.0 	0.00218678 	0.000191162 	2
436.0 	0.00214856 	0.000192742 	2
437.0 	0.00216693 	0.000189547 	2
438.0 	0.00213406 	0.000191073 	2
439.0 	0.00215394 	0.000187879 	2
440.0 	0.00212308 	0.000189686 	2
441.0 	0.00213726 	0.000186588 	2
442.0 	0.00211325 	0.0001882 	2
443.0 	0.00213149 	0.000185124 	2
444.0 	0.00210912 	0.000186877 	2
445.0 	0.00212752 	0.000183947 	2
446.0 	0.00209673 	0.000185618 	2
447.0 	0.00211728 	0.00018271 	2
448.0 	0.00209094 	0.000184363 	2
449.0 	0.00211429 	0.000181438 	2
450.0 	0.00208817 	0.00018303 	2
451.0 	0.00211502 	0.000180168 	2
452.0 	0.00207686 	0.000182021 	2
453.0 	0.0021042 	0.000179368 	2
454.0 	0.00207668 	0.000180987 	2
455.0 	0.00210681 	0.00017822 	2
456.0 	0.00207615 	0.000179772 	2
457.0 	0.00211034 	0.000177139 	2
458.0 	0.00208732 	0.000178741 	2
459.0 	0.00211729 	0.00017629 	2
460.0 	0.00208994 	0.000177691 	2
461.0 	0.00211556 	0.000175036 	2
462.0 	0.00208354 	0.00017675 	2
463.0 	0.00211897 	0.000173682 	2
464.0 	0.00208524 	0.000175545 	2
465.0 	0.002103 	0.00017434 	2
466.0 	0.00208352 	0.000176299 	2
467.0 	0.00210884 	0.000174185 	2
468.0 	0.00208898 	0.000175149 	2
469.0 	0.00211724 	0.000173504 	2
470.0 	0.00208558 	0.000174351 	2
471.0 	0.00210454 	0.000172665 	2
472.0 	0.00206794 	0.00017271 	2
473.0 	0.00209657 	0.000171361 	2
474.0 	0.00205765 	0.000171853 	2
475.0 	0.00208052 	0.000170197 	2
476.0 	0.00204737 	0.000170809 	2
477.0 	0.00206037 	0.00016968 	2
478.0 	0.0020404 	0.000169647 	2
479.0 	0.00205969 	0.000168082 	2
480.0 	0.00203083 	0.000167847 	2
481.0 	0.00205469 	0.000165187 	2
482.0 	0.00201111 	0.000165301 	2
483.0 	0.00203515 	0.000163055 	2
484.0 	0.00200054 	0.00016328 	2
485.0 	0.00201717 	0.000161534 	2
486.0 	0.00198717 	0.000162201 	2
487.0 	0.00200456 	0.000160351 	2
488.0 	0.00197925 	0.00016081 	2
489.0 	0.00200558 	0.000159196 	2
490.0 	0.00197495 	0.000159725 	2
491.0 	0.00199536 	0.00015799 	2
492.0 	0.00196538 	0.000158274 	2
493.0 	0.00198776 	0.000156647 	2
494.0 	0.00195817 	0.000157123 	2
495.0 	0.0019679 	0.00015538 	2
496.0 	0.00195723 	0.000155359 	2
497.0 	0.00196232 	0.000153985 	2
498.0 	0.00194664 	0.000154181 	2
499.0 	0.00196516 	0.000152717 	2
500.0 	0.00194827 	0.00015267 	2
501.0 	0.00195471 	0.000152695 	2
502.0 	0.00194864 	0.00015327 	2
503.0 	0.00193563 	0.000152667 	2
504.0 	0.00194514 	0.000152589 	2
505.0 	0.00194431 	0.000151993 	2
506.0 	0.00194456 	0.000152071 	2
507.0 	0.00194326 	0.000151333 	2
508.0 	0.00194022 	0.000150945 	2
509.0 	0.00194532 	0.000149171 	2
510.0 	0.00194657 	0.000149267 	2
511.0 	0.00194158 	0.000148252 	2
512.0 	0.00192855 	0.000148408 	2
513.0 	0.00193366 	0.000147542 	2
514.0 	0.0019243 	0.000147771 	2
515.0 	0.00192438 	0.000146892 	2
516.0 	0.00190602 	0.000147112 	2
517.0 	0.00191569 	0.000146217 	2
518.0 	0.0019129 	0.000146474 	2
519.0 	0.00190613 	0.00014538 	2
520.0 	0.00190041 	0.000145313 	2
521.0 	0.00191109 	0.000144341 	2
522.0 	0.0019027 	0.000144285 	2
523.0 	0.00189607 	0.00014314 	2
524.0 	0.00188596 	0.00014308 	2
525.0 	0.00189813 	0.000141988 	2
526.0 	0.00188253 	0.000140852 	2
527.0 	0.00188808 	0.000140525 	2
528.0 	0.00187048 	0.00013907 	2
529.0 	0.00185972 	0.000138612 	2
530.0 	0.00184165 	0.000137928 	2
531.0 	0.00182939 	0.000137603 	2
532.0 	0.00182193 	0.000137079 	2
533.0 	0.00182249 	0.000136954 	2
534.0 	0.00181632 	0.000136541 	2
535.0 	0.00182036 	0.00013638 	2
536.0 	0.00182708 	0.000135812 	2
537.0 	0.00181871 	0.000135668 	2
538.0 	0.00181389 	0.000135182 	2
539.0 	0.00181426 	0.00013488 	2
540.0 	0.0018233 	0.00013427 	2
541.0 	0.00181698 	0.000134061 	2
542.0 	0.00181214 	0.000133369 	2
543.0 	0.00180254 	0.000132931 	2
544.0 	0.00180441 	0.000132307 	2
545.0 	0.0018 	0.000132118 	2
546.0 	0.00180488 	0.000131462 	2
547.0 	0.00180419 	0.000131235 	2
548.0 	0.00180869 	0.000130534 	2
549.0 	0.00179937 	0.000130196 	2
550.0 	0.00181366 	0.000129731 	2
551.0 	0.00180099 	0.000129334 	2
552.0 	0.00180507 	0.000128777 	2
553.0 	0.00179066 	0.00012842 	2
554.0 	0.00179739 	0.000127939 	2
555.0 	0.00178518 	0.000127521 	2
556.0 	0.00179574 	0.000127071 	2
557.0 	0.00180045 	0.000126853 	2
558.0 	0.00181253 	0.000126387 	2
559.0 	0.0018036 	0.00012617 	2
560.0 	0.00182395 	0.000125831 	2
561.0 	0.00181314 	0.000125779 	2
562.0 	0.00181259 	0.000125687 	2
563.0 	0.00180213 	0.000125652 	2
564.0 	0.00180517 	0.000125574 	2
565.0 	0.0017978 	0.000125678 	2
566.0 	0.00179776 	0.000125676 	2
567.0 	0.00178943 	0.000125582 	2
568.0 	0.00179573 	0.000125561 	2
569.0 	0.00178401 	0.000125448 	2
570.0 	0.00177966 	0.000125319 	2
571.0 	0.00178838 	0.000125167 	2
572.0 	0.00179442 	0.000124926 	2
573.0 	0.00179378 	0.000124757 	2
574.0 	0.00178571 	0.000124475 	2
575.0 	0.00180549 	0.000124232 	2
576.0 	0.00180226 	0.000124103 	2
577.0 	0.00179734 	0.000123931 	2
578.0 	0.00178549 	0.000123759 	2
579.0 	0.0017722 	0.000123226 	2
580.0 	0.00175954 	0.000122782 	2
581.0 	0.00175147 	0.000122339 	2
582.0 	0.00175732 	0.000121842 	2
583.0 	0.0017494 	0.000121369 	2
584.0 	0.0017565 	0.000120891 	2
585.0 	0.00175022 	0.000120474 	2
586.0 	0.00175235 	0.00012001 	2
587.0 	0.00174888 	0.000119645 	2
588.0 	0.00174541 	0.000119168 	2
589.0 	0.00174892 	0.000119114 	2
590.0 	0.00174779 	0.000118755 	2
591.0 	0.00172726 	0.000118619 	2
592.0 	0.00172815 	0.000118425 	2
593.0 	0.00170953 	0.000118353 	2
594.0 	0.00170083 	0.000118264 	2
595.0 	0.0016906 	0.000118084 	2
596.0 	0.00168032 	0.000118042 	2
597.0 	0.00168237 	0.000118175 	2
598.0 	0.001683 	0.000118202 	2
599.0 	0.00168512 	0.00011832 	2
600.0 	0.00169928 	0.000118342 	2
601.0 	0.00170621 	0.000118382 	2
602.0 	0.00171142 	0.000118384 	2
603.0 	0.00171455 	0.000118305 	2
604.0 	0.0017299 	0.000118059 	2
605.0 	0.00174524 	0.000118039 	2
606.0 	0.00177425 	0.000117671 	2
607.0 	0.00179966 	0.000117403 	2
608.0 	0.00181911 	0.000117174 	2
609.0 	0.00182782 	0.000116903 	2
610.0 	0.00184418 	0.000116623 	2
611.0 	0.00184262 	0.000116203 	2
612.0 	0.00183516 	0.000115663 	2
613.0 	0.00183381 	0.00011554 	2
614.0 	0.00182219 	0.000115014 	2
615.0 	0.00179353 	0.00011469 	2
616.0 	0.00176927 	0.000114164 	2
617.0 	0.00175157 	0.000113998 	2
618.0 	0.00174169 	0.000113601 	2
619.0 	0.00172365 	0.000113654 	2
620.0 	0.00170213 	0.000113413 	2
621.0 	0.00169253 	0.00011357 	2
622.0 	0.00169263 	0.000113724 	2
623.0 	0.00168751 	0.000114042 	2
624.0 	0.00168772 	0.000113959 	2
625.0 	0.00168593 	0.000114232 	2
626.0 	0.00167715 	0.000114127 	2
627.0 	0.00169491 	0.000114256 	2
628.0 	0.00170253 	0.00011409 	2
629.0 	0.00171274 	0.000114347 	2
630.0 	0.00171366 	0.000114323 	2
631.0 	0.001716 	0.000114666 	2
632.0 	0.00172842 	0.000114755 	2
633.0 	0.00173725 	0.00011512 	2
634.0 	0.0017458 	0.000115223 	2
635.0 	0.001747 	0.000115804 	2
636.0 	0.00177559 	0.000116022 	2
637.0 	0.00177153 	0.000116342 	2
638.0 	0.00176404 	0.00011617 	2
639.0 	0.00176883 	0.000116169 	2
640.0 	0.00176009 	0.000115806 	2
641.0 	0.00176515 	0.000115502 	2
642.0 	0.00175902 	0.00011459 	2
643.0 	0.00176627 	0.000114151 	2
644.0 	0.00175887 	0.000113383 	2
645.0 	0.00174324 	0.00011289 	2
646.0 	0.0017119 	0.000111918 	2
647.0 	0.00170307 	0.000111389 	2
648.0 	0.00168567 	0.000110766 	2
649.0 	0.00167318 	0.000110467 	2
650.0 	0.00165849 	0.000109721 	2
651.0 	0.00165986 	0.000109668 	2
652.0 	0.00164993 	0.000109249 	2
653.0 	0.00164029 	0.00010948 	2
654.0 	0.00165043 	0.000109259 	2
655.0 	0.00166075 	0.000109528 	2
656.0 	0.0016642 	0.00010942 	2
657.0 	0.00166439 	0.000109652 	2
658.0 	0.00166852 	0.000109844 	2
659.0 	0.0016778 	0.000110182 	2
660.0 	0.00169358 	0.000110248 	2
661.0 	0.0017055 	0.00011065 	2
662.0 	0.00171689 	0.00011063 	2
663.0 	0.00172811 	0.000111113 	2
664.0 	0.00173475 	0.000111282 	2
665.0 	0.00173026 	0.000111839 	2
666.0 	0.0017394 	0.000112165 	2
667.0 	0.00174754 	0.00011271 	2
668.0 	0.0017534 	0.000112608 	2
669.0 	0.00174965 	0.000112788 	2
670.0 	0.00176828 	0.000112521 	2
671.0 	0.00179726 	0.000112239 	2
672.0 	0.00178206 	0.000111338 	2
673.0 	0.0018015 	0.000110867 	2
674.0 	0.00178234 	0.00010976 	2
675.0 	0.00177642 	0.00010912 	2
676.0 	0.00176427 	0.000108453 	2
677.0 	0.00176216 	0.000108292 	2
678.0 	0.00175157 	0.000107871 	2
679.0 	0.00175904 	0.000107977 	2
680.0 	0.00174351 	0.000107421 	2
681.0 	0.00176558 	0.000107371 	2
682.0 	0.00176834 	0.000106896 	2
683.0 	0.00177813 	0.000106742 	2
684.0 	0.00180277 	0.000106356 	2
685.0 	0.00180648 	0.000106297 	2
686.0 	0.00180396 	0.000106116 	2
687.0 	0.00180186 	0.000106509 	2
688.0 	0.00179184 	0.000106311 	2
689.0 	0.00178824 	0.000106386 	2
690.0 	0.00178798 	0.000106372 	2
691.0 	0.00178131 	0.000106624 	2
692.0 	0.0017835 	0.000106474 	2
693.0 	0.0017804 	0.000106883 	2
694.0 	0.00174521 	0.000106969 	2
695.0 	0.00172274 	0.000107165 	2
696.0 	0.001718 	0.000107095 	2
697.0 	0.00170528 	0.000107489 	2
698.0 	0.00170879 	0.000107456 	2
699.0 	0.00169698 	0.000107847 	2
700.0 	0.00170291 	0.00010778 	2
701.0 	0.00168084 	0.000107928 	2
702.0 	0.00167689 	0.000107913 	2
703.0 	0.00167242 	0.000108217 	2
704.0 	0.00167161 	0.000108333 	2
705.0 	0.00168589 	0.000108506 	2
706.0 	0.00169396 	0.000108675 	2
707.0 	0.0016992 	0.000108909 	2
708.0 	0.00172346 	0.000108948 	2
709.0 	0.00171322 	0.000109275 	2
710.0 	0.00172485 	0.000109307 	2
711.0 	0.00173551 	0.000109162 	2
712.0 	0.00175771 	0.000108709 	2
713.0 	0.00176714 	0.000108411 	2
714.0 	0.00175469 	0.000107707 	2
715.0 	0.00177047 	0.000107471 	2
716.0 	0.00177774 	0.000106831 	2
717.0 	0.00175941 	0.000106662 	2
718.0 	0.00176984 	0.000106598 	2
719.0 	0.00175588 	0.000106477 	2
720.0 	0.00178348 	0.00010606 	2
721.0 	0.00177744 	0.000105903 	2
722.0 	0.0017651 	0.000105494 	2
723.0 	0.00175033 	0.000105307 	2
724.0 	0.00174978 	0.000105193 	2
725.0 	0.0017244 	0.000104906 	2
726.0 	0.00172767 	0.000104619 	2
727.0 	0.00171398 	0.000104424 	2
728.0 	0.00173149 	0.000104101 	2
729.0 	0.00170163 	0.000103878 	2
730.0 	0.00173629 	0.000103465 	2
731.0 	0.00170953 	0.000103181 	2
732.0 	0.00171752 	0.000102774 	2
733.0 	0.00171586 	0.000102602 	2
734.0 	0.00172599 	0.000102488 	2
735.0 	0.00172846 	0.000102475 	2
736.0 	0.00174861 	0.000102836 	2
737.0 	0.00173693 	0.000102828 	2
738.0 	0.00174903 	0.000102912 	2
739.0 	0.00173944 	0.000102818 	2
740.0 	0.0017758 	0.000102855 	2
741.0 	0.00178916 	0.000102626 	2
742.0 	0.00179844 	0.000102556 	2
743.0 	0.00179213 	0.000102131 	2
744.0 	0.00180926 	0.000101807 	2
745.0 	0.00181714 	0.000101715 	2
746.0 	0.0018524 	0.000101206 	2
747.0 	0.00184907 	0.000100772 	2
748.0 	0.00185169 	0.000100267 	2
749.0 	0.00182529 	9.99797e-05 	2
750.0 	0.00182367 	9.97468e-05 	2
751.0 	0.00179546 	9.99379e-05 	2
752.0 	0.00179855 	9.99507e-05 	2
753.0 	0.0017806 	0.00010001 	2
754.0 	0.00176309 	0.000100084 	2
755.0 	0.00176275 	9.99983e-05 	2
756.0 	0.00175264 	0.000100391 	2
757.0 	0.00172768 	0.000100614 	2
758.0 	0.00171796 	0.000100569 	2
759.0 	0.00170004 	0.000100649 	2
760.0 	0.00168541 	0.00010071 	2
761.0 	0.00167702 	0.000100543 	2
762.0 	0.00167397 	0.000100222 	2
763.0 	0.00165766 	9.99976e-05 	2
764.0 	0.00165898 	9.96639e-05 	2
765.0 	0.0016595 	9.91137e-05 	2
766.0 	0.00165742 	9.85707e-05 	2
767.0 	0.00165801 	9.77516e-05 	2
768.0 	0.00168335 	9.71957e-05 	2
769.0 	0.00169273 	9.65256e-05 	2
770.0 	0.0017307 	9.59194e-05 	2
771.0 	0.00172386 	9.53005e-05 	2
772.0 	0.00174018 	9.4592e-05 	2
773.0 	0.00176468 	9.40966e-05 	2
774.0 	0.00178868 	9.38173e-05 	2
775.0 	0.00178912 	9.35081e-05 	2
776.0 	0.00180524 	9.31734e-05 	2
777.0 	0.00183293 	9.29427e-05 	2
778.0 	0.00182852 	9.27739e-05 	2
779.0 	0.00183031 	9.24671e-05 	2
780.0 	0.00186039 	9.26043e-05 	2
781.0 	0.0018454 	9.24425e-05 	2
782.0 	0.00187298 	9.23524e-05 	2
783.0 	0.00185581 	9.18387e-05 	2
784.0 	0.00183723 	9.19848e-05 	2
785.0 	0.00182566 	9.16207e-05 	2
786.0 	0.00181977 	9.19526e-05 	2
787.0 	0.00179636 	9.21078e-05 	2
788.0 	0.00179945 	9.24544e-05 	2
789.0 	0.00177805 	9.25965e-05 	2
790.0 	0.0017762 	9.31523e-05 	2
791.0 	0.00175027 	9.32586e-05 	2
792.0 	0.00174822 	9.35912e-05 	2
793.0 	0.00174467 	9.35638e-05 	2
794.0 	0.00174797 	9.34094e-05 	2
795.0 	0.00176407 	9.30635e-05 	2
796.0 	0.00177453 	9.30679e-05 	2
797.0 	0.00178294 	9.27208e-05 	2
798.0 	0.00178967 	9.27543e-05 	2
799.0 	0.00179139 	9.23332e-05 	2
800.0 	0.00180139 	9.20453e-05 	2
801.0 	0.001775 	9.13497e-05 	2
802.0 	0.00177508 	9.09257e-05 	2
803.0 	0.00178681 	9.0409e-05 	2
804.0 	0.00179359 	9.03043e-05 	2
805.0 	0.0018104 	8.95441e-05 	2
806.0 	0.00180008 	8.90656e-05 	2
807.0 	0.00178127 	8.80411e-05 	2
808.0 	0.00176943 	8.78898e-05 	2
809.0 	0.00175017 	8.70703e-05 	2
810.0 	0.00175117 	8.69265e-05 	2
811.0 	0.00176114 	8.61962e-05 	2
812.0 	0.00174849 	8.5939e-05 	2
813.0 	0.00174873 	8.53423e-05 	2
814.0 	0.00176336 	8.5717e-05 	2
815.0 	0.00177486 	8.56257e-05 	2
816.0 	0.00178148 	8.61341e-05 	2
817.0 	0.0017994 	8.59522e-05 	2
818.0 	0.00178663 	8.62865e-05 	2
819.0 	0.00178691 	8.57374e-05 	2
820.0 	0.00180179 	8.61149e-05 	2
821.0 	0.00179044 	8.56414e-05 	2
822.0 	0.00179646 	8.56171e-05 	2
823.0 	0.00177596 	8.53035e-05 	2
824.0 	0.00176329 	8.52674e-05 	2
825.0 	0.0017345 	8.48421e-05 	2
826.0 	0.0017319 	8.51482e-05 	2
827.0 	0.0017364 	8.45125e-05 	2
828.0 	0.00178446 	8.44976e-05 	2
829.0 	0.00176397 	8.37385e-05 	2
830.0 	0.00178407 	8.37682e-05 	2
831.0 	0.00179006 	8.30561e-05 	2
832.0 	0.00182269 	8.30352e-05 	2
833.0 	0.00183343 	8.23241e-05 	2
834.0 	0.00182432 	8.21722e-05 	2
835.0 	0.00185087 	8.13676e-05 	2
836.0 	0.00186489 	8.11004e-05 	2
837.0 	0.00187594 	8.00532e-05 	2
838.0 	0.00188907 	7.98601e-05 	2
839.0 	0.0018968 	7.91864e-05 	2
840.0 	0.00189542 	7.90535e-05 	2
841.0 	0.00187764 	7.83701e-05 	2
842.0 	0.00185184 	7.85181e-05 	2
843.0 	0.00184363 	7.78793e-05 	2
844.0 	0.0018529 	7.8368e-05 	2
845.0 	0.00186007 	7.80359e-05 	2
846.0 	0.00185582 	7.85556e-05 	2
847.0 	0.00183693 	7.8089e-05 	2
848.0 	0.00186653 	7.8564e-05 	2
849.0 	0.00184797 	7.84455e-05 	2
850.0 	0.00186572 	7.8791e-05 	2
851.0 	0.00184887 	7.82543e-05 	2
852.0 	0.0018569 	7.85673e-05 	2
853.0 	0.00184391 	7.76767e-05 	2
854.0 	0.00188966 	7.79069e-05 	2
855.0 	0.00189005 	7.74124e-05 	2
856.0 	0.00188723 	7.76768e-05 	2
857.0 	0.00185409 	7.69099e-05 	2
858.0 	0.00183776 	7.71218e-05 	2
859.0 	0.00183586 	7.61173e-05 	2
860.0 	0.00183463 	7.61133e-05 	2
861.0 	0.00183724 	7.54585e-05 	2
862.0 	0.00182878 	7.55335e-05 	2
863.0 	0.00182098 	7.47714e-05 	2
864.0 	0.00180568 	7.51681e-05 	2
865.0 	0.00178209 	7.42746e-05 	2
866.0 	0.00177889 	7.463e-05 	2
867.0 	0.00176748 	7.38009e-05 	2
868.0 	0.00175788 	7.4173e-05 	2
869.0 	0.00173401 	7.32798e-05 	2
870.0 	0.00171603 	7.34744e-05 	2
871.0 	0.00172277 	7.25363e-05 	2
872.0 	0.00172484 	7.27683e-05 	2
873.0 	0.00171687 	7.20035e-05 	2
874.0 	0.00174443 	7.25412e-05 	2
875.0 	0.00174184 	7.18701e-05 	2
876.0 	0.00175116 	7.24724e-05 	2
877.0 	0.00175678 	7.20215e-05 	2
878.0 	0.0017477 	7.20527e-05 	2
879.0 	0.00175401 	7.1275e-05 	2
880.0 	0.00175896 	7.12343e-05 	2
881.0 	0.00177456 	7.03599e-05 	2
882.0 	0.00174179 	7.05422e-05 	2
883.0 	0.00177954 	6.95203e-05 	2
884.0 	0.00175152 	6.98064e-05 	2
885.0 	0.00176158 	6.90756e-05 	2
886.0 	0.00174469 	6.95213e-05 	2
887.0 	0.00178681 	6.87679e-05 	2
888.0 	0.00178985 	6.92616e-05 	2
889.0 	0.00181797 	6.84925e-05 	2
890.0 	0.00180875 	6.89236e-05 	2
891.0 	0.00185485 	6.80442e-05 	2
892.0 	0.00185005 	6.81948e-05 	2
893.0 	0.00189563 	6.7175e-05 	2
894.0 	0.00186386 	6.7378e-05 	2
895.0 	0.00188963 	6.6039e-05 	2
896.0 	0.00187946 	6.59742e-05 	2
897.0 	0.00188973 	6.46846e-05 	2
898.0 	0.00184417 	6.52158e-05 	2
899.0 	0.00184485 	6.41398e-05 	2
900.0 	0.0018493 	6.4484e-05 	2
901.0 	0.0018678 	6.38428e-05 	2
902.0 	0.00184694 	6.44195e-05 	2
903.0 	0.0018701 	6.36387e-05 	2
904.0 	0.00187938 	6.44071e-05 	2
905.0 	0.00189629 	6.37221e-05 	2
906.0 	0.00188397 	6.45061e-05 	2
907.0 	0.0018919 	6.37386e-05 	2
908.0 	0.0018919 	6.42869e-05 	2
909.0 	0.00187177 	6.34126e-05 	2
910.0 	0.00186044 	6.37818e-05 	2
911.0 	0.00185128 	6.26725e-05 	2
912.0 	0.00183716 	6.29422e-05 	2
913.0 	0.00186343 	6.20249e-05 	2
914.0 	0.00185081 	6.25334e-05 	2
915.0 	0.00185249 	6.16338e-05 	2
916.0 	0.00183315 	6.20185e-05 	2
917.0 	0.00183739 	6.1119e-05 	2
918.0 	0.00184295 	6.15329e-05 	2
919.0 	0.00184468 	6.05283e-05 	2
920.0 	0.00182922 	6.07945e-05 	2
921.0 	0.00186223 	5.97109e-05 	2
922.0 	0.00184697 	6.01257e-05 	2
923.0 	0.00185342 	5.91774e-05 	2
924.0 	0.00181026 	5.97741e-05 	2
925.0 	0.0018397 	5.87422e-05 	2
926.0 	0.00180307 	5.93172e-05 	2
927.0 	0.00178867 	5.83809e-05 	2
928.0 	0.00177922 	5.90122e-05 	2
929.0 	0.00174723 	5.82128e-05 	2
930.0 	0.00170206 	5.92732e-05 	2
931.0 	0.00171318 	5.86162e-05 	2
932.0 	0.00174254 	5.93068e-05 	2
933.0 	0.00177123 	5.8468e-05 	2
934.0 	0.00171146 	5.90389e-05 	2
935.0 	0.00177124 	5.80545e-05 	2
936.0 	0.00177302 	5.85417e-05 	2
937.0 	0.00178931 	5.73043e-05 	2
938.0 	0.00171728 	5.7978e-05 	2
939.0 	0.00171642 	5.69766e-05 	2
940.0 	0.00174355 	5.79355e-05 	2
941.0 	0.00174168 	5.68752e-05 	2
942.0 	0.00166538 	5.75597e-05 	2
943.0 	0.00169972 	5.6225e-05 	2
944.0 	0.00162525 	5.68165e-05 	2
945.0 	0.00163904 	5.58526e-05 	2
946.0 	0.00161117 	5.66688e-05 	2
947.0 	0.00167076 	5.59834e-05 	2
948.0 	0.0016272 	5.65922e-05 	2
949.0 	0.00167366 	5.55424e-05 	2
950.0 	0.00167279 	5.64012e-05 	2
951.0 	0.0017287 	5.53063e-05 	2
952.0 	0.00168948 	5.5715e-05 	2
953.0 	0.00173038 	5.44645e-05 	2
954.0 	0.00167251 	5.46613e-05 	2
955.0 	0.00170968 	5.31371e-05 	2
956.0 	0.00165061 	5.33778e-05 	2
957.0 	0.0016957 	0.000168941 	1
958.0 	0.00165325 	5.56541e-05 	2
959.0 	0.00165734 	5.25261e-05 	2
960.0 	0.00160411 	5.22283e-05 	2
961.0 	0.00161833 	5.04602e-05 	2
962.0 	0.00157647 	5.08309e-05 	2
963.0 	0.00158627 	4.9645e-05 	2
964.0 	0.00154368 	5.01959e-05 	2
965.0 	0.00154704 	4.9106e-05 	2
966.0 	0.00152108 	4.96392e-05 	2
967.0 	0.00152974 	4.87072e-05 	2
968.0 	0.00150812 	4.93099e-05 	2
969.0 	0.00156168 	4.81425e-05 	2
970.0 	0.00158117 	4.89614e-05 	2
971.0 	0.00166279 	0.00015746 	1
972.0 	0.00169235 	5.27277e-05 	2
973.0 	0.00176234 	0.00016467 	1
974.0 	0.00179054 	0.000176717 	1
975.0 	0.00186925 	0.000179845 	1
976.0 	0.00185472 	5.77255e-05 	2
977.0 	0.00207603 	0.00018445 	1
978.0 	0.0019445 	0.000173737 	1
979.0 	0.00195903 	0.000177664 	1
980.0 	0.00188053 	0.000187186 	1
981.0 	0.00195636 	0.000187524 	1
982.0 	0.00192047 	0.000186404 	1
983.0 	0.00192052 	0.000190125 	1
984.0 	0.00200218 	0.000193285 	1
985.0 	0.00193884 	0.000187057 	1
986.0 	0.00192131 	0.000185791 	1
987.0 	0.0019224 	0.000184389 	1
988.0 	0.00181345 	0.000180028 	1
989.0 	0.00184962 	0.000183431 	1
990.0 	0.0017806 	5.40922e-05 	2
991.0 	0.00178529 	0.000172671 	1
992.0 	0.00171063 	5.10782e-05 	2
993.0 	0.00171825 	0.000156839 	1
994.0 	0.00171011 	0.000168655 	1
995.0 	0.00156676 	4.81976e-05 	2
996.0 	0.0015922 	0.000152323 	1
997.0 	0.0015277 	0.000149019 	1
998.0 	0.00167596 	5.20592e-05 	2
999.0 	0.00145937 	4.55402e-05 	2
1000.0 	0.00154774 	0.000150601 	1
1001.0 	0.00152736 	0.000150847 	1
1002.0 	0.00157947 	0.000153523 	1
1003.0 	0.00152625 	0.000147763 	1
1004.0 	0.00157611 	0.000153481 	1
1005.0 	0.00155007 	4.83384e-05 	2
1006.0 	0.00157523 	0.000155504 	1
1007.0 	0.00156018 	4.79456e-05 	2
1008.0 	0.00161589 	0.000155893 	1
1009.0 	0.00162115 	0.000157544 	1
1010.0 	0.00169373 	0.000164216 	1
1011.0 	0.00171706 	0.000165154 	1
1012.0 	0.00181325 	0.000168734 	1
1013.0 	0.00181687 	0.000166591 	1
1014.0 	0.00187828 	0.000168757 	1
1015.0 	0.0018634 	0.000166129 	1
1016.0 	0.00187277 	0.00016763 	1
1017.0 	0.0018397 	0.000164353 	1
1018.0 	0.00183163 	0.000167609 	1
1019.0 	0.0018024 	0.000164133 	1
1020.0 	0.00178655 	0.000165693 	1
1021.0 	0.001741 	0.000161029 	1
1022.0 	0.00170443 	0.000162117 	1
1023.0 	0.00170139 	0.000158078 	1
1024.0 	0.00166629 	0.000159032 	1
1025.0 	0.00165912 	0.000155611 	1
1026.0 	0.00167268 	0.000157089 	1
1027.0 	0.00166186 	0.000154167 	1
1028.0 	0.00165595 	0.000156914 	1
1029.0 	0.00163491 	0.000154049 	1
1030.0 	0.00165622 	0.000157613 	1
1031.0 	0.00164927 	0.000155374 	1
1032.0 	0.00166633 	0.000158443 	1
1033.0 	0.00163951 	0.000156996 	1
1034.0 	0.00166448 	0.000159993 	1
1035.0 	0.00163826 	0.000157682 	1
1036.0 	0.00166476 	0.000160309 	1
1037.0 	0.00163647 	0.000157211 	1
1038.0 	0.00163387 	0.000158051 	1
1039.0 	0.00159875 	0.000154906 	1
1040.0 	0.00163563 	0.000156417 	1
1041.0 	0.00161377 	0.000154256 	1
1042.0 	0.00168915 	0.000156822 	1
1043.0 	0.00166759 	0.000154259 	1
1044.0 	0.00172738 	0.000156639 	1
1045.0 	0.00170341 	0.000154071 	1
1046.0 	0.00173412 	0.000155777 	1
1047.0 	0.00169517 	0.000151248 	1
1048.0 	0.00173088 	0.000152731 	1
1049.0 	0.0016839 	0.000149063 	1
1050.0 	0.0017238 	0.000150678 	1
1051.0 	0.00167749 	0.00014631 	1
1052.0 	0.00169558 	0.000149185 	1
1053.0 	0.00167309 	0.000144682 	1
1054.0 	0.00167447 	0.000145992 	1
1055.0 	0.00168108 	0.000142852 	1
1056.0 	0.00171757 	0.000145499 	1
1057.0 	0.00168717 	0.000142172 	1
1058.0 	0.00171803 	0.000145371 	1
1059.0 	0.00167741 	0.000142174 	1
1060.0 	0.0017045 	0.000145638 	1
1061.0 	0.00169123 	0.000143259 	1
1062.0 	0.00172033 	0.000146257 	1
1063.0 	0.00170837 	0.000144316 	1
1064.0 	0.00175641 	0.000147737 	1
1065.0 	0.00170554 	0.00014616 	1
1066.0 	0.00171866 	0.000148333 	1
1067.0 	0.00169817 	0.000146855 	1
1068.0 	0.00169824 	0.000148286 	1
1069.0 	0.00167622 	0.000145719 	1
1070.0 	0.00168177 	0.000148298 	1
1071.0 	0.00167173 	0.000144459 	1
1072.0 	0.00168046 	0.000146841 	1
1073.0 	0.00167356 	0.000144714 	1
1074.0 	0.00171284 	0.000147141 	1
1075.0 	0.00168996 	0.000143172 	1
1076.0 	0.00170835 	0.000145348 	1
1077.0 	0.00167201 	0.000141294 	1
1078.0 	0.00168676 	0.000142006 	1
1079.0 	0.00164259 	0.000137573 	1
1080.0 	0.0016339 	0.000138423 	1
1081.0 	0.00157305 	0.000133747 	1
1082.0 	0.00158164 	0.000135202 	1
1083.0 	0.00153405 	0.000131784 	1
1084.0 	0.00155588 	0.000134415 	1
1085.0 	0.00151104 	0.000130176 	1
1086.0 	0.00153186 	0.00013263 	1
1087.0 	0.00153178 	0.000130484 	1
1088.0 	0.00157334 	0.000133275 	1
1089.0 	0.00155075 	0.000129965 	1
1090.0 	0.00158458 	0.00013324 	1
1091.0 	0.00158972 	0.000130392 	1
1092.0 	0.00166258 	0.0001336 	1
1093.0 	0.00166063 	0.000131216 	1
1094.0 	0.00173516 	0.000134697 	1
1095.0 	0.00171623 	0.00013241 	1
1096.0 	0.00177388 	0.000135096 	1
1097.0 	0.00177981 	0.000133829 	1
1098.0 	0.00181848 	0.000136432 	1
1099.0 	0.00176677 	0.000133699 	1
1100.0 	0.0017739 	0.000136211 	1
1101.0 	0.00174935 	0.000133971 	1
1102.0 	0.00178418 	0.000136949 	1
1103.0 	0.00177955 	0.000134112 	1
1104.0 	0.00182807 	0.00013671 	1
1105.0 	0.00182808 	0.000133967 	1
1106.0 	0.00184102 	0.000135318 	1
1107.0 	0.0018008 	0.000133033 	1
1108.0 	0.00180861 	0.000134753 	1
1109.0 	0.00177944 	0.000130961 	1
1110.0 	0.00179001 	0.000131932 	1
1111.0 	0.0017444 	0.000128117 	1
1112.0 	0.00174317 	0.000129509 	1
1113.0 	0.00169921 	0.00012604 	1
1114.0 	0.00168183 	0.000127227 	1
1115.0 	0.0016203 	0.00012379 	1
1116.0 	0.00164029 	0.000126403 	1
1117.0 	0.00157085 	0.000122189 	1
1118.0 	0.00157663 	0.000124002 	1
1119.0 	0.00152501 	0.000119524 	1
1120.0 	0.00149576 	0.000121766 	1
1121.0 	0.00146819 	0.000118529 	1
1122.0 	0.00149717 	0.000120757 	1
1123.0 	0.00145934 	0.000117768 	1
1124.0 	0.00146842 	0.000120414 	1
1125.0 	0.00144257 	0.000118198 	1
1126.0 	0.00145951 	0.000120542 	1
1127.0 	0.00147348 	0.0001176 	1
1128.0 	0.00153521 	0.000121638 	1
1129.0 	0.00155072 	0.000119608 	1
1130.0 	0.00161654 	0.000123292 	1
1131.0 	0.00162392 	0.00012168 	1
1132.0 	0.00166716 	0.000124621 	1
1133.0 	0.00168873 	0.000122575 	1
1134.0 	0.00176572 	0.000125853 	1
1135.0 	0.00176545 	0.000123331 	1
1136.0 	0.00180814 	0.000125139 	1
1137.0 	0.00179495 	0.00012188 	1
1138.0 	0.00181554 	0.00012417 	1
1139.0 	0.00179647 	0.000121023 	1
1140.0 	0.00185654 	0.0001236 	1
1141.0 	0.00181699 	0.000119728 	1
1142.0 	0.00186194 	0.000122348 	1
1143.0 	0.00181994 	0.000119673 	1
1144.0 	0.00184881 	0.000121907 	1
1145.0 	0.0018134 	0.000118814 	1
1146.0 	0.00184785 	0.000120702 	1
1147.0 	0.00181606 	0.000116625 	1
1148.0 	0.00181126 	0.000118162 	1
1149.0 	0.00176226 	0.000115716 	1
1150.0 	0.00175266 	0.000117535 	1
1151.0 	0.00170455 	0.000114033 	1
1152.0 	0.00172765 	0.000116091 	1
1153.0 	0.00168904 	0.000113187 	1
1154.0 	0.00171587 	0.000115579 	1
1155.0 	0.00167944 	0.000112232 	1
1156.0 	0.00168356 	0.000113805 	1
1157.0 	0.00163651 	0.000110564 	1
1158.0 	0.00168339 	0.000113884 	1
1159.0 	0.00165909 	0.000110443 	1
1160.0 	0.00167763 	0.000114124 	1
1161.0 	0.0016527 	0.000111377 	1
1162.0 	0.0016681 	0.000114331 	1
1163.0 	0.00165341 	0.000112505 	1
1164.0 	0.00170212 	0.000115829 	1
1165.0 	0.00169467 	0.000113147 	1
1166.0 	0.00174331 	0.00011661 	1
1167.0 	0.00171401 	0.000113074 	1
1168.0 	0.00173654 	0.000116533 	1
1169.0 	0.00168188 	0.00011189 	1
1170.0 	0.00174728 	0.000115035 	1
1171.0 	0.00170279 	0.00011224 	1
1172.0 	0.00173988 	0.000114303 	1
1173.0 	0.00167529 	0.000111131 	1
1174.0 	0.00171949 	0.000113129 	1
1175.0 	0.00165698 	0.000110772 	1
1176.0 	0.00170719 	0.000112292 	1
1177.0 	0.00167219 	0.000109386 	1
1178.0 	0.00170949 	0.000111574 	1
1179.0 	0.0016899 	0.000108579 	1
1180.0 	0.00174584 	0.000110693 	1
1181.0 	0.00170403 	0.000107463 	1
1182.0 	0.00173845 	0.000108817 	1
1183.0 	0.00171414 	0.00010688 	1
1184.0 	0.0017353 	0.000107849 	1
1185.0 	0.00170801 	0.000104921 	1
1186.0 	0.00173798 	0.000107909 	1
1187.0 	0.00170002 	0.000103827 	1
1188.0 	0.00173038 	0.000105937 	1
1189.0 	0.00170591 	0.000104468 	1
1190.0 	0.00174371 	0.000106462 	1
1191.0 	0.00168136 	0.000102452 	1
1192.0 	0.00175009 	0.000107056 	1
1193.0 	0.00171766 	0.00010436 	1
1194.0 	0.00178193 	0.000106939 	1
1195.0 	0.00176797 	0.000105545 	1
1196.0 	0.00180291 	0.000108234 	1
1197.0 	0.00179595 	0.000106039 	1
1198.0 	0.00183149 	0.000110145 	1
1199.0 	0.00180508 	0.000107293 	1
1200.0 	0.00188616 	0.000109819 	1
1201.0 	0.00187079 	0.000108666 	1
1202.0 	0.00192478 	0.000110806 	1
1203.0 	0.00185584 	0.000107559 	1
1204.0 	0.00190338 	0.000110229 	1
1205.0 	0.00187331 	0.000107816 	1
1206.0 	0.00191189 	0.00010911 	1
1207.0 	0.0018566 	0.000105421 	1
1208.0 	0.00185866 	0.000106911 	1
1209.0 	0.00181444 	0.00010477 	1
1210.0 	0.0018345 	0.000106406 	1
1211.0 	0.00179387 	0.000104504 	1
1212.0 	0.00183672 	0.000106828 	1
1213.0 	0.0017909 	0.000103114 	1
1214.0 	0.00182172 	0.000105751 	1
1215.0 	0.00176561 	0.000103104 	1
1216.0 	0.001782 	0.000103623 	1
1217.0 	0.00171882 	0.00010102 	1
1218.0 	0.00176509 	0.000102192 	1
1219.0 	0.00170168 	9.99841e-05 	1
1220.0 	0.0017031 	0.00010153 	1
1221.0 	0.00161941 	9.76514e-05 	1
1222.0 	0.00164341 	0.000100287 	1
1223.0 	0.00156811 	9.69867e-05 	1
1224.0 	0.00163474 	9.89381e-05 	1
1225.0 	0.00158847 	9.71051e-05 	1
1226.0 	0.00161725 	9.95595e-05 	1
1227.0 	0.00157092 	9.77681e-05 	1
1228.0 	0.00162239 	9.91124e-05 	1
1229.0 	0.00158543 	9.68461e-05 	1
1230.0 	0.00165655 	9.90812e-05 	1
1231.0 	0.00163608 	9.81074e-05 	1
1232.0 	0.00171325 	0.000100385 	1
1233.0 	0.00167926 	9.87405e-05 	1
1234.0 	0.0017661 	0.000101394 	1
1235.0 	0.00174033 	9.97692e-05 	1
1236.0 	0.00185591 	0.000102806 	1
1237.0 	0.00182087 	0.0001002 	1
1238.0 	0.00191301 	0.00010282 	1
1239.0 	0.00185332 	0.000100782 	1
1240.0 	0.0019063 	0.00010307 	1
1241.0 	0.00184209 	0.000100653 	1
1242.0 	0.00194597 	0.000103043 	1
1243.0 	0.00186445 	0.000100197 	1
1244.0 	0.0019165 	0.000102587 	1
1245.0 	0.00186411 	0.00010038 	1
1246.0 	0.00191942 	0.000102835 	1
1247.0 	0.00186551 	9.92561e-05 	1
1248.0 	0.00193775 	0.000101786 	1
1249.0 	0.00187449 	9.92232e-05 	1
1250.0 	0.00193062 	0.000101129 	1
1251.0 	0.00183991 	9.85439e-05 	1
1252.0 	0.00192905 	0.000100877 	1
1253.0 	0.00185585 	9.67588e-05 	1
1254.0 	0.00191236 	9.89951e-05 	1
1255.0 	0.00180945 	9.58213e-05 	1
1256.0 	0.00185093 	9.81786e-05 	1
1257.0 	0.00175792 	9.502e-05 	1
1258.0 	0.0018353 	9.79525e-05 	1
1259.0 	0.0017381 	9.34991e-05 	1
1260.0 	0.00179148 	9.59394e-05 	1
1261.0 	0.00171258 	9.35325e-05 	1
1262.0 	0.00173223 	9.45047e-05 	1
1263.0 	0.00164079 	9.21964e-05 	1
1264.0 	0.00170455 	9.43373e-05 	1
1265.0 	0.00163386 	9.23398e-05 	1
1266.0 	0.00171884 	9.48626e-05 	1
1267.0 	0.00163476 	9.31651e-05 	1
1268.0 	0.00170682 	9.52887e-05 	1
1269.0 	0.00163541 	9.38822e-05 	1
1270.0 	0.0017332 	9.631e-05 	1
1271.0 	0.00170318 	9.47689e-05 	1
1272.0 	0.00184718 	9.73605e-05 	1
1273.0 	0.00179119 	9.48238e-05 	1
1274.0 	0.0018841 	9.81732e-05 	1
1275.0 	0.00183344 	9.76628e-05 	1
1276.0 	0.00194731 	9.92855e-05 	1
1277.0 	0.00186811 	9.58513e-05 	1
1278.0 	0.00194648 	9.79773e-05 	1
1279.0 	0.00184837 	9.35061e-05 	1
1280.0 	0.00192463 	9.57545e-05 	1
1281.0 	0.00182297 	9.33256e-05 	1
1282.0 	0.00189759 	9.68973e-05 	1
1283.0 	0.00182743 	9.45939e-05 	1
1284.0 	0.00194037 	9.74393e-05 	1
1285.0 	0.00188825 	9.49053e-05 	1
1286.0 	0.0019679 	9.73427e-05 	1
1287.0 	0.00187299 	9.4234e-05 	1
1288.0 	0.00196285 	9.568e-05 	1
1289.0 	0.0018646 	9.19727e-05 	1
1290.0 	0.00195819 	9.53676e-05 	1
1291.0 	0.00187272 	9.28736e-05 	1
1292.0 	0.00193019 	9.49596e-05 	1
1293.0 	0.00184968 	9.21842e-05 	1
1294.0 	0.00187969 	9.49903e-05 	1
1295.0 	0.00179138 	9.11131e-05 	1
1296.0 	0.00186471 	9.37554e-05 	1
1297.0 	0.0017772 	9.06701e-05 	1
1298.0 	0.00182936 	9.29555e-05 	1
1299.0 	0.0017308 	9.0394e-05 	1
1300.0 	0.00181285 	9.29596e-05 	1
1301.0 	0.00173873 	9.05078e-05 	1
1302.0 	0.00183374 	9.31977e-05 	1
1303.0 	0.0017489 	8.90487e-05 	1
1304.0 	0.00182451 	9.19785e-05 	1
1305.0 	0.00173996 	9.05193e-05 	1
1306.0 	0.00181678 	9.22486e-05 	1
1307.0 	0.00176364 	9.02712e-05 	1
1308.0 	0.00185968 	9.29932e-05 	1
1309.0 	0.00178717 	8.95759e-05 	1
1310.0 	0.00187257 	9.17655e-05 	1
1311.0 	0.00178874 	8.99294e-05 	1
1312.0 	0.00187977 	9.21007e-05 	1
1313.0 	0.00183076 	8.90841e-05 	1
1314.0 	0.00191794 	9.25312e-05 	1
1315.0 	0.00184752 	9.14949e-05 	1
1316.0 	0.00190306 	9.29577e-05 	1
1317.0 	0.00179008 	9.02098e-05 	1
1318.0 	0.00186438 	9.27432e-05 	1
1319.0 	0.00178763 	8.98578e-05 	1
1320.0 	0.00187024 	9.18695e-05 	1
1321.0 	0.00177303 	8.94598e-05 	1
1322.0 	0.00186712 	9.14593e-05 	1
1323.0 	0.00180909 	8.93874e-05 	1
1324.0 	0.00189485 	9.18938e-05 	1
1325.0 	0.00182005 	8.94728e-05 	1
1326.0 	0.00191101 	9.19423e-05 	1
1327.0 	0.00186092 	9.03255e-05 	1
1328.0 	0.00195679 	9.18156e-05 	1
1329.0 	0.00185126 	8.85169e-05 	1
1330.0 	0.00196931 	9.16298e-05 	1
1331.0 	0.00189135 	8.99253e-05 	1
1332.0 	0.00200002 	9.14095e-05 	1
1333.0 	0.00192497 	8.89971e-05 	1
1334.0 	0.00202111 	9.0903e-05 	1
1335.0 	0.00192455 	8.86301e-05 	1
1336.0 	0.00201141 	9.05434e-05 	1
1337.0 	0.00190828 	8.72894e-05 	1
1338.0 	0.0019973 	8.96192e-05 	1
1339.0 	0.00189377 	8.72258e-05 	1
1340.0 	0.00198047 	8.89418e-05 	1
1341.0 	0.0018812 	8.66116e-05 	1
1342.0 	0.00197122 	8.88978e-05 	1
1343.0 	0.00187927 	8.5933e-05 	1
1344.0 	0.00197366 	8.86867e-05 	1
1345.0 	0.00187037 	8.79375e-05 	1
1346.0 	0.00197051 	8.96776e-05 	1
1347.0 	0.00186596 	8.73502e-05 	1
1348.0 	0.00195731 	8.98801e-05 	1
1349.0 	0.0018539 	8.75491e-05 	1
1350.0 	0.00193847 	8.96308e-05 	1
1351.0 	0.00183787 	8.69553e-05 	1
1352.0 	0.00194616 	8.98839e-05 	1
1353.0 	0.00183998 	8.8055e-05 	1
1354.0 	0.00194379 	9.10819e-05 	1
1355.0 	0.00187175 	8.90856e-05 	1
1356.0 	0.0019976 	9.08815e-05 	1
1357.0 	0.00190684 	8.91557e-05 	1
1358.0 	0.00201536 	9.1573e-05 	1
1359.0 	0.00189726 	8.87825e-05 	1
1360.0 	0.00200486 	9.05213e-05 	1
1361.0 	0.00193099 	8.80802e-05 	1
1362.0 	0.00205334 	8.97379e-05 	1
1363.0 	0.0019413 	8.78686e-05 	1
1364.0 	0.00204147 	8.93886e-05 	1
1365.0 	0.0019038 	8.70086e-05 	1
1366.0 	0.0020026 	8.79434e-05 	1
1367.0 	0.00189145 	8.57473e-05 	1
1368.0 	0.00198699 	8.74691e-05 	1
1369.0 	0.00186779 	8.47488e-05 	1
1370.0 	0.00193116 	8.6183e-05 	1
1371.0 	0.00181056 	8.45714e-05 	1
1372.0 	0.00188505 	8.60694e-05 	1
1373.0 	0.00176277 	8.4581e-05 	1
1374.0 	0.00188045 	8.54334e-05 	1
1375.0 	0.00175139 	8.37698e-05 	1
1376.0 	0.00183436 	8.44551e-05 	1
1377.0 	0.00170925 	8.2952e-05 	1
1378.0 	0.0018272 	8.57085e-05 	1
1379.0 	0.00173172 	8.38242e-05 	1
1380.0 	0.00183782 	8.48543e-05 	1
1381.0 	0.00175706 	8.29518e-05 	1
1382.0 	0.0018575 	8.4546e-05 	1
1383.0 	0.00176781 	8.39816e-05 	1
1384.0 	0.00190059 	8.59026e-05 	1
1385.0 	0.00183147 	8.37852e-05 	1
1386.0 	0.00198965 	8.64525e-05 	1
1387.0 	0.00189097 	8.55932e-05 	1
1388.0 	0.00203826 	8.69204e-05 	1
1389.0 	0.0019265 	8.54335e-05 	1
1390.0 	0.00205781 	8.78072e-05 	1
1391.0 	0.00196461 	8.56411e-05 	1
1392.0 	0.00213297 	8.75189e-05 	1
1393.0 	0.00201319 	8.61965e-05 	1
1394.0 	0.00214295 	8.82206e-05 	1
1395.0 	0.0020134 	8.7384e-05 	1
1396.0 	0.00218858 	8.94031e-05 	1
1397.0 	0.00206704 	8.66471e-05 	1
1398.0 	0.00221158 	8.92619e-05 	1
1399.0 	0.00209664 	8.75699e-05 	1
1400.0 	0.002227 	8.94331e-05 	1
1401.0 	0.00207948 	8.77537e-05 	1
1402.0 	0.00219044 	8.97868e-05 	1
1403.0 	0.00201759 	8.66579e-05 	1
1404.0 	0.00210968 	8.79451e-05 	1
1405.0 	0.00197818 	8.50151e-05 	1
1406.0 	0.00208689 	8.69642e-05 	1
1407.0 	0.00192952 	8.4564e-05 	1
1408.0 	0.00199243 	8.61192e-05 	1
1409.0 	0.00186875 	8.29755e-05 	1
1410.0 	0.00198789 	8.46775e-05 	1
1411.0 	0.00186614 	8.27141e-05 	1
1412.0 	0.00197724 	8.46307e-05 	1
1413.0 	0.00184601 	8.20508e-05 	1
1414.0 	0.00196231 	8.41428e-05 	1
1415.0 	0.00182317 	8.18478e-05 	1
1416.0 	0.00193717 	8.27673e-05 	1
1417.0 	0.00181697 	8.13084e-05 	1
1418.0 	0.00194427 	8.28849e-05 	1
1419.0 	0.0018075 	8.06738e-05 	1
1420.0 	0.00188293 	8.24998e-05 	1
1421.0 	0.00174749 	7.97026e-05 	1
1422.0 	0.00188356 	8.17765e-05 	1
1423.0 	0.00176469 	7.94286e-05 	1
1424.0 	0.00189905 	8.12687e-05 	1
1425.0 	0.00178485 	8.03364e-05 	1
1426.0 	0.00193074 	8.2714e-05 	1
1427.0 	0.00181374 	8.16856e-05 	1
1428.0 	0.00197533 	8.31669e-05 	1
1429.0 	0.00185792 	8.22061e-05 	1
1430.0 	0.00198103 	8.38267e-05 	1
1431.0 	0.00184633 	8.15742e-05 	1
1432.0 	0.00198805 	8.43033e-05 	1
1433.0 	0.00188569 	8.22722e-05 	1
1434.0 	0.00203589 	8.45163e-05 	1
1435.0 	0.00191345 	8.33997e-05 	1
1436.0 	0.00206237 	8.59166e-05 	1
1437.0 	0.00197276 	8.45091e-05 	1
1438.0 	0.00211875 	8.66741e-05 	1
1439.0 	0.00202288 	8.47233e-05 	1
1440.0 	0.00217967 	8.73376e-05 	1
1441.0 	0.00207764 	8.48319e-05 	1
1442.0 	0.00222556 	8.72434e-05 	1
1443.0 	0.00213052 	8.62405e-05 	1
1444.0 	0.00225872 	8.83222e-05 	1
1445.0 	0.00213662 	8.58217e-05 	1
1446.0 	0.00223956 	8.6827e-05 	1
1447.0 	0.00212807 	8.45539e-05 	1
1448.0 	0.00224374 	8.66753e-05 	1
1449.0 	0.00210459 	8.37421e-05 	1
1450.0 	0.00217702 	8.56149e-05 	1
1451.0 	0.00203827 	8.30774e-05 	1
1452.0 	0.00214887 	8.41315e-05 	1
1453.0 	0.00201115 	8.16271e-05 	1
1454.0 	0.00210893 	8.353e-05 	1
1455.0 	0.00194551 	8.13702e-05 	1
1456.0 	0.00206007 	8.29475e-05 	1
1457.0 	0.00192339 	8.05178e-05 	1
1458.0 	0.00205832 	8.25526e-05 	1
1459.0 	0.00190701 	8.00678e-05 	1
1460.0 	0.00202306 	8.18515e-05 	1
1461.0 	0.00187392 	7.94823e-05 	1
1462.0 	0.00197638 	8.16277e-05 	1
1463.0 	0.00185651 	7.91354e-05 	1
1464.0 	0.00200902 	8.07173e-05 	1
1465.0 	0.00186574 	7.88352e-05 	1
1466.0 	0.00198572 	8.0928e-05 	1
1467.0 	0.00183428 	7.88412e-05 	1
1468.0 	0.0019638 	8.07253e-05 	1
1469.0 	0.00184338 	8.06659e-05 	1
1470.0 	0.00200019 	8.22732e-05 	1
1471.0 	0.00186254 	7.97639e-05 	1
1472.0 	0.00200932 	8.19789e-05 	1
1473.0 	0.00186866 	8.02181e-05 	1
1474.0 	0.00200787 	8.19317e-05 	1
1475.0 	0.00187714 	8.10142e-05 	1
1476.0 	0.00204401 	8.29565e-05 	1
1477.0 	0.00192621 	8.05734e-05 	1
1478.0 	0.00207339 	8.27487e-05 	1
1479.0 	0.00194827 	8.11475e-05 	1
1480.0 	0.00208035 	8.35743e-05 	1
1481.0 	0.00195032 	8.16024e-05 	1
1482.0 	0.00211454 	8.35925e-05 	1
1483.0 	0.00196083 	8.18188e-05 	1
1484.0 	0.00209564 	8.33093e-05 	1
1485.0 	0.00196881 	8.1421e-05 	1
1486.0 	0.00212756 	8.33082e-05 	1
1487.0 	0.00200793 	8.13194e-05 	1
1488.0 	0.00218535 	8.34165e-05 	1
1489.0 	0.00205163 	8.14611e-05 	1
1490.0 	0.00217121 	8.3351e-05 	1
1491.0 	0.00203886 	8.14904e-05 	1
1492.0 	0.00217292 	8.32727e-05 	1
1493.0 	0.00205877 	8.10677e-05 	1
1494.0 	0.00220496 	8.2905e-05 	1
1495.0 	0.0020933 	8.1345e-05 	1
1496.0 	0.00220642 	8.31914e-05 	1
1497.0 	0.00205648 	8.06678e-05 	1
1498.0 	0.0021987 	8.27507e-05 	1
1499.0 	0.00206708 	8.10752e-05 	1
1500.0 	0.00222476 	8.27123e-05 	1
1501.0 	0.00207352 	8.03823e-05 	1
1502.0 	0.00219029 	8.18203e-05 	1
1503.0 	0.00203349 	8.00827e-05 	1
1504.0 	0.00217949 	8.16746e-05 	1
1505.0 	0.00204184 	7.92474e-05 	1
1506.0 	0.00220157 	8.17352e-05 	1
1507.0 	0.00206311 	8.04752e-05 	1
1508.0 	0.00220723 	8.21475e-05 	1
1509.0 	0.00205948 	8.03047e-05 	1
1510.0 	0.00217367 	8.23003e-05 	1
1511.0 	0.00200647 	7.95901e-05 	1
1512.0 	0.00216428 	8.16091e-05 	1
1513.0 	0.00200823 	8.02268e-05 	1
1514.0 	0.00211222 	8.19987e-05 	1
1515.0 	0.00196001 	7.9678e-05 	1
1516.0 	0.00209839 	8.20475e-05 	1
1517.0 	0.00196497 	8.02429e-05 	1
1518.0 	0.00212149 	8.21795e-05 	1
1519.0 	0.00195519 	7.98183e-05 	1
1520.0 	0.00209315 	8.24436e-05 	1
1521.0 	0.00193696 	7.97905e-05 	1
1522.0 	0.00207501 	8.18698e-05 	1
1523.0 	0.00193493 	8.00238e-05 	1
1524.0 	0.00208598 	8.11295e-05 	1
1525.0 	0.00192811 	7.90922e-05 	1
1526.0 	0.00206573 	8.1599e-05 	1
1527.0 	0.00192131 	7.92182e-05 	1
1528.0 	0.00206731 	8.06143e-05 	1
1529.0 	0.00189418 	7.90723e-05 	1
1530.0 	0.00207701 	8.07702e-05 	1
1531.0 	0.00190991 	7.81385e-05 	1
1532.0 	0.00207163 	7.98694e-05 	1
1533.0 	0.00190501 	7.84978e-05 	1
1534.0 	0.00207836 	8.10567e-05 	1
1535.0 	0.00193821 	7.92376e-05 	1
1536.0 	0.00210671 	8.01907e-05 	1
1537.0 	0.00193902 	7.88286e-05 	1
1538.0 	0.00211642 	8.10503e-05 	1
1539.0 	0.00193197 	7.89623e-05 	1
1540.0 	0.0020921 	8.06552e-05 	1
1541.0 	0.00194126 	7.78607e-05 	1
1542.0 	0.00211288 	8.0067e-05 	1
1543.0 	0.00195603 	7.82433e-05 	1
1544.0 	0.00211158 	8.05089e-05 	1
1545.0 	0.00195391 	7.79112e-05 	1
1546.0 	0.00212901 	8.05085e-05 	1
1547.0 	0.00199812 	7.89562e-05 	1
1548.0 	0.00217812 	8.11284e-05 	1
1549.0 	0.00204287 	7.87408e-05 	1
1550.0 	0.0021927 	8.14114e-05 	1
1551.0 	0.00206499 	7.93548e-05 	1
1552.0 	0.00221153 	8.21632e-05 	1
1553.0 	0.00210933 	7.97883e-05 	1
1554.0 	0.00225214 	8.11729e-05 	1
1555.0 	0.00214852 	8.01435e-05 	1
1556.0 	0.00227882 	8.18808e-05 	1
1557.0 	0.00215351 	8.01114e-05 	1
1558.0 	0.0022667 	8.18265e-05 	1
1559.0 	0.00215201 	8.01702e-05 	1
1560.0 	0.00231832 	8.17112e-05 	1
1561.0 	0.00217319 	7.98349e-05 	1
1562.0 	0.00230767 	8.19797e-05 	1
1563.0 	0.00215835 	7.95966e-05 	1
1564.0 	0.00227987 	8.14284e-05 	1
1565.0 	0.00211078 	7.95093e-05 	1
1566.0 	0.0022524 	8.0997e-05 	1
1567.0 	0.00209792 	7.93856e-05 	1
1568.0 	0.00223298 	8.12559e-05 	1
1569.0 	0.0020657 	7.94807e-05 	1
1570.0 	0.00219354 	8.12846e-05 	1
1571.0 	0.00203464 	7.91774e-05 	1
1572.0 	0.002192 	8.09525e-05 	1
1573.0 	0.00202808 	7.88515e-05 	1
1574.0 	0.00217354 	8.08694e-05 	1
1575.0 	0.00199609 	7.8531e-05 	1
1576.0 	0.00214706 	8.1103e-05 	1
1577.0 	0.00199834 	7.84917e-05 	1
1578.0 	0.00217891 	8.05877e-05 	1
1579.0 	0.00202197 	7.84285e-05 	1
1580.0 	0.00214643 	8.06727e-05 	1
1581.0 	0.00197281 	7.77155e-05 	1
1582.0 	0.00210604 	7.97697e-05 	1
1583.0 	0.00193939 	7.77584e-05 	1
1584.0 	0.0021159 	7.92726e-05 	1
1585.0 	0.00196456 	7.74651e-05 	1
1586.0 	0.00210703 	7.95451e-05 	1
1587.0 	0.00195256 	7.68428e-05 	1
1588.0 	0.00210467 	7.93526e-05 	1
1589.0 	0.00195211 	7.68911e-05 	1
1590.0 	0.00211258 	7.87298e-05 	1
1591.0 	0.00195628 	7.66994e-05 	1
1592.0 	0.00210784 	7.88101e-05 	1
1593.0 	0.00194314 	7.65353e-05 	1
1594.0 	0.0020892 	7.85218e-05 	1
1595.0 	0.00195453 	7.68363e-05 	1
1596.0 	0.00212651 	7.86258e-05 	1
1597.0 	0.00194522 	7.62181e-05 	1
1598.0 	0.00210045 	7.872e-05 	1
1599.0 	0.00195229 	7.62701e-05 	1
1600.0 	0.00209638 	7.84705e-05 	1
1601.0 	0.00194792 	7.67803e-05 	1
1602.0 	0.00215529 	7.93143e-05 	1
1603.0 	0.00199588 	7.71308e-05 	1
1604.0 	0.00214991 	8.0277e-05 	1
1605.0 	0.00202421 	7.85416e-05 	1
1606.0 	0.00217432 	8.03867e-05 	1
1607.0 	0.00205756 	7.87702e-05 	1
1608.0 	0.00222922 	8.09915e-05 	1
1609.0 	0.00210615 	7.88045e-05 	1
1610.0 	0.00225307 	8.16433e-05 	1
1611.0 	0.00213697 	7.97571e-05 	1
1612.0 	0.00226848 	8.13353e-05 	1
1613.0 	0.00211657 	7.92692e-05 	1
1614.0 	0.00229229 	8.14926e-05 	1
1615.0 	0.00215206 	7.93612e-05 	1
1616.0 	0.00231023 	8.12301e-05 	1
1617.0 	0.00216249 	7.92596e-05 	1
1618.0 	0.0023062 	8.1808e-05 	1
1619.0 	0.00216434 	7.92558e-05 	1
1620.0 	0.00235025 	8.08882e-05 	1
1621.0 	0.00218945 	7.8788e-05 	1
1622.0 	0.00232268 	8.12641e-05 	1
1623.0 	0.00217385 	7.91538e-05 	1
1624.0 	0.00230428 	8.05074e-05 	1
1625.0 	0.00212846 	7.80489e-05 	1
1626.0 	0.00228043 	7.99759e-05 	1
1627.0 	0.00209729 	7.79397e-05 	1
1628.0 	0.00223924 	7.98856e-05 	1
1629.0 	0.00208313 	7.77423e-05 	1
1630.0 	0.0021846 	7.97186e-05 	1
1631.0 	0.00201992 	7.75196e-05 	1
1632.0 	0.00217993 	7.93669e-05 	1
1633.0 	0.00201594 	7.70367e-05 	1
1634.0 	0.00217203 	7.96919e-05 	1
1635.0 	0.00199146 	7.77009e-05 	1
1636.0 	0.00215444 	7.98976e-05 	1
1637.0 	0.00198922 	7.74248e-05 	1
1638.0 	0.00214938 	7.92907e-05 	1
1639.0 	0.00201603 	7.67015e-05 	1
1640.0 	0.00213566 	7.88049e-05 	1
1641.0 	0.00198206 	7.60208e-05 	1
1642.0 	0.0021279 	7.81331e-05 	1
1643.0 	0.00198768 	7.5919e-05 	1
1644.0 	0.00215725 	7.79113e-05 	1
1645.0 	0.00201313 	7.58096e-05 	1
1646.0 	0.00217503 	7.79799e-05 	1
1647.0 	0.00200271 	7.58545e-05 	1
1648.0 	0.00214038 	7.77061e-05 	1
1649.0 	0.00199911 	7.62183e-05 	1
1650.0 	0.00217962 	7.76891e-05 	1
1651.0 	0.00204585 	7.56458e-05 	1
1652.0 	0.00219024 	7.8098e-05 	1
1653.0 	0.00203135 	7.57294e-05 	1
1654.0 	0.00219516 	7.82306e-05 	1
1655.0 	0.00203788 	7.71759e-05 	1
1656.0 	0.00220901 	7.80725e-05 	1
1657.0 	0.00204335 	7.62222e-05 	1
1658.0 	0.00220109 	7.88244e-05 	1
1659.0 	0.00201843 	7.6224e-05 	1
1660.0 	0.00218179 	7.92344e-05 	1
1661.0 	0.00203144 	7.76213e-05 	1
1662.0 	0.00219742 	7.98175e-05 	1
1663.0 	0.00205323 	7.73366e-05 	1
1664.0 	0.00224116 	8.03825e-05 	1
1665.0 	0.00209121 	7.83989e-05 	1
1666.0 	0.00225756 	8.12078e-05 	1
1667.0 	0.00212233 	7.92455e-05 	1
1668.0 	0.00232577 	8.13184e-05 	1
1669.0 	0.00215896 	7.84158e-05 	1
1670.0 	0.00232959 	8.1113e-05 	1
1671.0 	0.00220279 	7.99324e-05 	1
1672.0 	0.00235883 	8.20117e-05 	1
1673.0 	0.00220695 	7.89121e-05 	1
1674.0 	0.00240537 	8.17123e-05 	1
1675.0 	0.00223136 	7.9432e-05 	1
1676.0 	0.00238026 	8.15535e-05 	1
1677.0 	0.0022053 	7.83155e-05 	1
1678.0 	0.00236422 	8.0791e-05 	1
1679.0 	0.00217977 	7.87485e-05 	1
1680.0 	0.00235301 	8.06021e-05 	1
1681.0 	0.00213363 	7.74901e-05 	1
1682.0 	0.00226577 	7.98637e-05 	1
1683.0 	0.00206857 	7.67827e-05 	1
1684.0 	0.00218067 	7.95853e-05 	1
1685.0 	0.00200381 	7.66065e-05 	1
1686.0 	0.00215567 	7.89814e-05 	1
1687.0 	0.00198071 	7.56525e-05 	1
1688.0 	0.00212923 	7.82129e-05 	1
1689.0 	0.00193821 	7.52212e-05 	1
1690.0 	0.00208194 	7.80466e-05 	1
1691.0 	0.00192112 	7.52161e-05 	1
1692.0 	0.00209356 	7.73398e-05 	1
1693.0 	0.00193956 	7.38672e-05 	1
1694.0 	0.00210354 	7.72979e-05 	1
1695.0 	0.0019466 	7.45103e-05 	1
1696.0 	0.00209546 	7.7236e-05 	1
1697.0 	0.00191044 	7.43795e-05 	1
1698.0 	0.00211091 	7.68679e-05 	1
1699.0 	0.00194072 	7.39338e-05 	1
1700.0 	0.00209324 	7.70149e-05 	1
1701.0 	0.00197359 	7.45859e-05 	1
1702.0 	0.00211169 	7.72991e-05 	1
1703.0 	0.00199362 	7.54973e-05 	1
1704.0 	0.00215542 	7.80958e-05 	1
1705.0 	0.0020283 	7.45304e-05 	1
1706.0 	0.00219294 	7.77827e-05 	1
1707.0 	0.0020678 	7.54026e-05 	1
1708.0 	0.0022162 	7.82665e-05 	1
1709.0 	0.00207557 	7.59688e-05 	1
1710.0 	0.00224422 	7.85379e-05 	1
1711.0 	0.00210813 	7.57321e-05 	1
1712.0 	0.00226089 	7.88902e-05 	1
1713.0 	0.00213528 	7.63973e-05 	1
1714.0 	0.00228179 	7.97166e-05 	1
1715.0 	0.00214236 	7.65591e-05 	1
1716.0 	0.00229451 	7.97643e-05 	1
1717.0 	0.00215767 	7.70714e-05 	1
1718.0 	0.00230852 	8.01856e-05 	1
1719.0 	0.0021634 	7.72792e-05 	1
1720.0 	0.00231686 	8.09416e-05 	1
1721.0 	0.00218283 	7.74796e-05 	1
1722.0 	0.00233363 	8.06249e-05 	1
1723.0 	0.0021712 	7.71664e-05 	1
1724.0 	0.00232476 	8.08641e-05 	1
1725.0 	0.00218531 	7.78101e-05 	1
1726.0 	0.00234209 	8.07674e-05 	1
1727.0 	0.00219596 	7.76515e-05 	1
1728.0 	0.00234313 	8.06053e-05 	1
1729.0 	0.00218207 	7.67826e-05 	1
1730.0 	0.00235624 	8.00906e-05 	1
1731.0 	0.00217532 	7.66198e-05 	1
1732.0 	0.00234273 	7.9925e-05 	1
1733.0 	0.00215275 	7.52774e-05 	1
1734.0 	0.00231555 	7.89406e-05 	1
1735.0 	0.00213009 	7.53414e-05 	1
1736.0 	0.00227708 	7.87943e-05 	1
1737.0 	0.0021021 	7.43408e-05 	1
1738.0 	0.00222096 	7.84216e-05 	1
1739.0 	0.0020623 	7.43316e-05 	1
1740.0 	0.00224254 	7.81376e-05 	1
1741.0 	0.00208202 	7.47061e-05 	1
1742.0 	0.00224001 	7.82123e-05 	1
1743.0 	0.00205962 	7.44586e-05 	1
1744.0 	0.00219172 	7.72474e-05 	1
1745.0 	0.0019945 	7.35238e-05 	1
1746.0 	0.00213867 	7.69318e-05 	1
1747.0 	0.00199638 	7.31679e-05 	1
1748.0 	0.0021471 	7.66084e-05 	1
1749.0 	0.0019779 	7.33598e-05 	1
1750.0 	0.00210804 	7.70361e-05 	1
1751.0 	0.00196179 	7.40631e-05 	1
1752.0 	0.00213457 	7.74324e-05 	1
1753.0 	0.00196646 	7.34811e-05 	1
1754.0 	0.00215623 	7.71551e-05 	1
1755.0 	0.00198553 	7.35064e-05 	1
1756.0 	0.00214967 	7.76214e-05 	1
1757.0 	0.00200188 	7.41108e-05 	1
1758.0 	0.00216097 	7.7404e-05 	1
1759.0 	0.00199122 	7.39994e-05 	1
1760.0 	0.00215364 	7.73707e-05 	1
1761.0 	0.00201244 	7.36693e-05 	1
1762.0 	0.00217528 	7.73643e-05 	1
1763.0 	0.00201887 	7.41519e-05 	1
1764.0 	0.00219762 	7.75778e-05 	1
1765.0 	0.00206194 	7.37381e-05 	1
1766.0 	0.00223239 	7.74331e-05 	1
1767.0 	0.00207462 	7.36041e-05 	1
1768.0 	0.00223167 	7.81972e-05 	1
1769.0 	0.00208186 	7.47275e-05 	1
1770.0 	0.00226728 	7.80161e-05 	1
1771.0 	0.00209141 	7.40171e-05 	1
1772.0 	0.00226033 	7.88384e-05 	1
1773.0 	0.002101 	7.47307e-05 	1
1774.0 	0.00225404 	7.8763e-05 	1
1775.0 	0.00210305 	7.55495e-05 	1
1776.0 	0.00225975 	7.89487e-05 	1
1777.0 	0.00213345 	7.52259e-05 	1
1778.0 	0.00228503 	7.90545e-05 	1
1779.0 	0.00214182 	7.58643e-05 	1
1780.0 	0.00228305 	8.0096e-05 	1
1781.0 	0.00210842 	7.56385e-05 	1
1782.0 	0.00225863 	7.94128e-05 	1
1783.0 	0.00210947 	7.50217e-05 	1
1784.0 	0.00226976 	7.92049e-05 	1
1785.0 	0.00211896 	7.52245e-05 	1
1786.0 	0.00226499 	7.9028e-05 	1
1787.0 	0.00209204 	7.45231e-05 	1
1788.0 	0.0022695 	7.80629e-05 	1
1789.0 	0.00209422 	7.40112e-05 	1
1790.0 	0.00226039 	7.82144e-05 	1
1791.0 	0.00208848 	7.39633e-05 	1
1792.0 	0.00227105 	7.86571e-05 	1
1793.0 	0.00208786 	7.36795e-05 	1
1794.0 	0.00223301 	7.7429e-05 	1
1795.0 	0.00208844 	7.43512e-05 	1
1796.0 	0.00225639 	7.82645e-05 	1
1797.0 	0.00208312 	7.36356e-05 	1
1798.0 	0.00222057 	7.71915e-05 	1
1799.0 	0.00202772 	7.32111e-05 	1
1800.0 	0.00218751 	7.75468e-05 	1
1801.0 	0.0020153 	7.29345e-05 	1
1802.0 	0.00218113 	7.7352e-05 	1
1803.0 	0.00199961 	7.32194e-05 	1
1804.0 	0.00213999 	7.69985e-05 	1
1805.0 	0.00195447 	7.30181e-05 	1
1806.0 	0.00212504 	7.76339e-05 	1
1807.0 	0.0019583 	7.29243e-05 	1
1808.0 	0.00210582 	7.68128e-05 	1
1809.0 	0.0019511 	7.24809e-05 	1
1810.0 	0.00209474 	7.73258e-05 	1
1811.0 	0.00190559 	7.28658e-05 	1
1812.0 	0.00207805 	7.71153e-05 	1
1813.0 	0.00191528 	7.17985e-05 	1
1814.0 	0.00209025 	7.66102e-05 	1
1815.0 	0.00193894 	7.24288e-05 	1
1816.0 	0.00209984 	7.71249e-05 	1
1817.0 	0.00195021 	7.22736e-05 	1
1818.0 	0.00215088 	7.63657e-05 	1
1819.0 	0.00201987 	7.17287e-05 	1
1820.0 	0.0021842 	7.64953e-05 	1
1821.0 	0.00205392 	7.24943e-05 	1
1822.0 	0.00223208 	7.70637e-05 	1
1823.0 	0.00210297 	7.26495e-05 	1
1824.0 	0.00228028 	7.65136e-05 	1
1825.0 	0.00212096 	7.27826e-05 	1
1826.0 	0.00231114 	7.69474e-05 	1
1827.0 	0.00215311 	7.27571e-05 	1
1828.0 	0.00230815 	7.75691e-05 	1
1829.0 	0.00213304 	7.32545e-05 	1
1830.0 	0.00231272 	7.78138e-05 	1
1831.0 	0.00215143 	7.41899e-05 	1
1832.0 	0.00231442 	7.78195e-05 	1
1833.0 	0.00212151 	7.32252e-05 	1
1834.0 	0.00227054 	7.79374e-05 	1
1835.0 	0.0021164 	7.37616e-05 	1
1836.0 	0.00231157 	7.89772e-05 	1
1837.0 	0.00213915 	7.46622e-05 	1
1838.0 	0.0022849 	7.88359e-05 	1
1839.0 	0.0020923 	7.45161e-05 	1
1840.0 	0.00225452 	7.91179e-05 	1
1841.0 	0.00205761 	7.4238e-05 	1
1842.0 	0.00224187 	7.85138e-05 	1
1843.0 	0.00208659 	7.41597e-05 	1
1844.0 	0.0022832 	7.8666e-05 	1
1845.0 	0.00209899 	7.36237e-05 	1
1846.0 	0.00225341 	7.90741e-05 	1
1847.0 	0.00208767 	7.40386e-05 	1
1848.0 	0.00226922 	7.86537e-05 	1
1849.0 	0.00211544 	7.36509e-05 	1
1850.0 	0.00231032 	7.86751e-05 	1
1851.0 	0.00214082 	7.38089e-05 	1
1852.0 	0.00228508 	7.89513e-05 	1
1853.0 	0.00212451 	7.43894e-05 	1
1854.0 	0.00229343 	7.91662e-05 	1
1855.0 	0.00213 	7.42819e-05 	1
1856.0 	0.00230576 	7.84406e-05 	1
1857.0 	0.00210727 	7.37001e-05 	1
1858.0 	0.00223443 	7.79364e-05 	1
1859.0 	0.00201963 	7.29266e-05 	1
1860.0 	0.00218437 	7.75921e-05 	1
1861.0 	0.00197473 	7.20103e-05 	1
1862.0 	0.0021214 	7.66763e-05 	1
1863.0 	0.0019173 	7.10466e-05 	1
1864.0 	0.00206188 	7.59814e-05 	1
1865.0 	0.00187903 	7.12674e-05 	1
1866.0 	0.00205826 	7.62803e-05 	1
1867.0 	0.00188405 	7.10599e-05 	1
1868.0 	0.00205591 	7.56432e-05 	1
1869.0 	0.00189202 	7.05646e-05 	1
1870.0 	0.0020507 	7.60507e-05 	1
1871.0 	0.00187856 	7.07224e-05 	1
1872.0 	0.00208041 	7.61617e-05 	1
1873.0 	0.00192659 	7.11096e-05 	1
1874.0 	0.00212602 	7.65345e-05 	1
1875.0 	0.00200124 	7.19478e-05 	1
1876.0 	0.00218658 	7.71532e-05 	1
1877.0 	0.0020276 	7.16309e-05 	1
1878.0 	0.00223736 	7.63927e-05 	1
1879.0 	0.00205302 	7.09304e-05 	1
1880.0 	0.00225476 	7.61795e-05 	1
1881.0 	0.00209012 	7.09443e-05 	1
1882.0 	0.0022621 	7.59843e-05 	1
1883.0 	0.0020969 	7.15125e-05 	1
1884.0 	0.0022869 	7.67586e-05 	1
1885.0 	0.00211973 	7.1548e-05 	1
1886.0 	0.0022942 	7.69283e-05 	1
1887.0 	0.00212905 	7.2337e-05 	1
1888.0 	0.00227453 	7.7714e-05 	1
1889.0 	0.00211321 	7.28386e-05 	1
1890.0 	0.00227801 	7.81067e-05 	1
1891.0 	0.00210459 	7.30264e-05 	1
1892.0 	0.00228249 	7.79543e-05 	1
1893.0 	0.00210583 	7.33409e-05 	1
1894.0 	0.00225678 	7.90937e-05 	1
1895.0 	0.00208842 	7.39807e-05 	1
1896.0 	0.00224191 	7.90919e-05 	1
1897.0 	0.00208932 	7.32678e-05 	1
1898.0 	0.00225939 	7.90242e-05 	1
1899.0 	0.00211376 	7.48303e-05 	1
1900.0 	0.00225748 	7.97268e-05 	1
1901.0 	0.00211728 	7.40238e-05 	1
1902.0 	0.00230513 	8.01789e-05 	1
1903.0 	0.00214209 	7.45852e-05 	1
1904.0 	0.00233987 	7.95952e-05 	1
1905.0 	0.0021473 	7.39313e-05 	1
1906.0 	0.00230659 	7.96388e-05 	1
1907.0 	0.00214406 	7.3631e-05 	1
1908.0 	0.00231903 	7.91084e-05 	1
1909.0 	0.00212681 	7.28114e-05 	1
1910.0 	0.00229055 	7.79186e-05 	1
1911.0 	0.00209042 	7.26293e-05 	1
1912.0 	0.00227837 	7.81422e-05 	1
1913.0 	0.00206927 	7.19893e-05 	1
1914.0 	0.00223719 	7.75725e-05 	1
1915.0 	0.00204351 	7.09805e-05 	1
1916.0 	0.00220278 	7.63583e-05 	1
1917.0 	0.00199024 	7.04759e-05 	1
1918.0 	0.00211047 	7.52888e-05 	1
1919.0 	0.0019377 	7.00866e-05 	1
1920.0 	0.00210989 	7.5507e-05 	1
1921.0 	0.00193141 	6.94191e-05 	1
1922.0 	0.00210448 	7.5097e-05 	1
1923.0 	0.00191259 	6.92486e-05 	1
1924.0 	0.00208736 	7.53167e-05 	1
1925.0 	0.00190199 	6.94264e-05 	1
1926.0 	0.00205919 	7.56991e-05 	1
1927.0 	0.00192409 	6.96674e-05 	1
1928.0 	0.00209591 	7.54629e-05 	1
1929.0 	0.00191623 	6.90368e-05 	1
1930.0 	0.00207196 	7.57093e-05 	1
1931.0 	0.00194467 	6.98685e-05 	1
1932.0 	0.00213381 	7.63512e-05 	1
1933.0 	0.00200934 	6.97032e-05 	1
1934.0 	0.00217823 	7.55392e-05 	1
1935.0 	0.00200783 	7.03669e-05 	1
1936.0 	0.0021925 	7.60738e-05 	1
1937.0 	0.00205673 	7.02309e-05 	1
1938.0 	0.00222879 	7.61276e-05 	1
1939.0 	0.00208989 	7.00633e-05 	1
1940.0 	0.00225508 	7.59158e-05 	1
1941.0 	0.00211742 	7.11099e-05 	1
1942.0 	0.00226562 	7.72338e-05 	1
1943.0 	0.00214732 	7.20705e-05 	1
1944.0 	0.00231948 	7.83898e-05 	1
1945.0 	0.00216279 	7.24881e-05 	1
1946.0 	0.00231192 	7.80477e-05 	1
1947.0 	0.00215711 	7.30513e-05 	1
1948.0 	0.00231894 	7.8563e-05 	1
1949.0 	0.00217893 	7.37318e-05 	1
1950.0 	0.00234513 	7.98088e-05 	1
1951.0 	0.0021711 	7.41199e-05 	1
1952.0 	0.00233673 	7.94335e-05 	1
1953.0 	0.00216992 	7.36537e-05 	1
1954.0 	0.0023379 	8.03716e-05 	1
1955.0 	0.00215868 	7.45254e-05 	1
1956.0 	0.00234341 	8.1094e-05 	1
1957.0 	0.00218034 	7.4504e-05 	1
1958.0 	0.00235324 	7.95941e-05 	1
1959.0 	0.00215969 	7.40896e-05 	1
1960.0 	0.00230454 	7.95894e-05 	1
1961.0 	0.0021405 	7.34942e-05 	1
1962.0 	0.00230977 	8.02386e-05 	1
1963.0 	0.00210448 	7.31023e-05 	1
1964.0 	0.00225822 	7.78586e-05 	1
1965.0 	0.00207553 	7.18182e-05 	1
1966.0 	0.00222536 	7.80004e-05 	1
1967.0 	0.00204917 	7.13267e-05 	1
1968.0 	0.00218868 	7.68565e-05 	1
1969.0 	0.00199926 	7.11289e-05 	1
1970.0 	0.00218941 	7.63619e-05 	1
1971.0 	0.00198388 	7.01981e-05 	1
1972.0 	0.00215029 	7.5868e-05 	1
1973.0 	0.00197722 	6.97271e-05 	1
1974.0 	0.00213108 	7.5509e-05 	1
1975.0 	0.00198022 	6.92363e-05 	1
1976.0 	0.00213531 	7.43542e-05 	1
1977.0 	0.00194732 	6.76903e-05 	1
1978.0 	0.00209765 	7.39844e-05 	1
1979.0 	0.00193553 	6.81723e-05 	1
1980.0 	0.00209342 	7.42731e-05 	1
1981.0 	0.0019496 	6.7854e-05 	1
1982.0 	0.00210698 	7.4067e-05 	1
1983.0 	0.00194784 	6.82438e-05 	1
1984.0 	0.00210556 	7.47346e-05 	1
1985.0 	0.00194162 	6.84802e-05 	1
1986.0 	0.00210823 	7.50608e-05 	1
1987.0 	0.00196857 	6.88789e-05 	1
1988.0 	0.00214338 	7.51906e-05 	1
1989.0 	0.00196494 	6.90952e-05 	1
1990.0 	0.00214768 	7.53574e-05 	1
1991.0 	0.00198181 	6.92919e-05 	1
1992.0 	0.00217327 	7.58988e-05 	1
1993.0 	0.00203199 	6.92589e-05 	1
1994.0 	0.00219214 	7.59007e-05 	1
1995.0 	0.00204281 	7.0437e-05 	1
1996.0 	0.00221362 	7.70449e-05 	1
1997.0 	0.00206803 	7.10955e-05 	1
1998.0 	0.00225276 	7.86218e-05 	1
1999.0 	0.00213434 	7.22233e-05 	1
2000.0 	0.00231043 	7.82732e-05 	1
