# time 	Initial 	Final 	Iterations
121.0 	0.00570528 	0.000381854 	2
122.0 	0.00563984 	0.00037942 	2
123.0 	0.0056072 	0.000374584 	2
124.0 	0.00554324 	0.000372417 	2
125.0 	0.00549904 	0.000370269 	2
126.0 	0.00545954 	0.000369168 	2
127.0 	0.00554834 	0.000377211 	2
128.0 	0.00547354 	0.000366722 	2
129.0 	0.00541375 	0.000364225 	2
130.0 	0.00535943 	0.000363687 	2
131.0 	0.00532518 	0.000361398 	2
132.0 	0.0052868 	0.000361431 	2
133.0 	0.00526812 	0.000359048 	2
134.0 	0.00524021 	0.000359217 	2
135.0 	0.00520462 	0.000358112 	2
136.0 	0.00517583 	0.00035837 	2
137.0 	0.00513877 	0.000357511 	2
138.0 	0.00514414 	0.000357942 	2
139.0 	0.00513594 	0.000356866 	2
140.0 	0.00511909 	0.000357344 	2
141.0 	0.00511963 	0.000356174 	2
142.0 	0.00508671 	0.000356468 	2
143.0 	0.00508717 	0.000355735 	2
144.0 	0.00528397 	0.000362658 	2
145.0 	0.00511043 	0.000356668 	2
146.0 	0.00504715 	0.000356843 	2
147.0 	0.00498311 	0.000356425 	2
148.0 	0.00497383 	0.000357123 	2
149.0 	0.00495899 	0.000356759 	2
150.0 	0.00493683 	0.000357795 	2
151.0 	0.00491552 	0.000357598 	2
152.0 	0.00492555 	0.000358886 	2
153.0 	0.00491849 	0.00035973 	2
154.0 	0.0048969 	0.000360601 	2
155.0 	0.00487716 	0.000361664 	2
156.0 	0.0048496 	0.000362172 	2
157.0 	0.0048607 	0.00036431 	2
158.0 	0.00484677 	0.000364781 	2
159.0 	0.00484833 	0.000367078 	2
160.0 	0.00483544 	0.000367345 	2
161.0 	0.00481201 	0.000368595 	2
162.0 	0.00478769 	0.000368616 	2
163.0 	0.00477475 	0.000370433 	2
164.0 	0.00474682 	0.00037024 	2
165.0 	0.00474524 	0.000372105 	2
166.0 	0.00473572 	0.000372536 	2
167.0 	0.00473503 	0.000374787 	2
168.0 	0.00471621 	0.000374827 	2
169.0 	0.00469524 	0.000376505 	2
170.0 	0.00467243 	0.000376333 	2
171.0 	0.00464468 	0.00037757 	2
172.0 	0.00464211 	0.000378779 	2
173.0 	0.0046349 	0.000380727 	2
174.0 	0.00461518 	0.000381253 	2
175.0 	0.00461423 	0.000383263 	2
176.0 	0.00459832 	0.000383601 	2
177.0 	0.00458013 	0.000384897 	2
178.0 	0.00455627 	0.000384702 	2
179.0 	0.0045257 	0.000384289 	2
180.0 	0.00451218 	0.000384772 	2
181.0 	0.00451291 	0.000386864 	2
182.0 	0.00449743 	0.000387395 	2
183.0 	0.00447089 	0.000386963 	2
184.0 	0.00446334 	0.000387456 	2
185.0 	0.00445563 	0.000388538 	2
186.0 	0.00443099 	0.000388071 	2
187.0 	0.0044169 	0.000388722 	2
188.0 	0.00438505 	0.000387304 	2
189.0 	0.00437736 	0.000389201 	2
190.0 	0.00436837 	0.000390095 	2
191.0 	0.00436202 	0.000391371 	2
192.0 	0.00433385 	0.000390294 	2
193.0 	0.00432816 	0.000390949 	2
194.0 	0.00429644 	0.00039033 	2
195.0 	0.00427991 	0.00039048 	2
196.0 	0.00425052 	0.000389151 	2
197.0 	0.00450256 	0.00039484 	2
198.0 	0.00430637 	0.00039071 	2
199.0 	0.00425025 	0.000391248 	2
200.0 	0.00423573 	0.000390354 	2
201.0 	0.00419381 	0.000389899 	2
202.0 	0.00414837 	0.000388468 	2
203.0 	0.00413856 	0.000389034 	2
204.0 	0.00411431 	0.000388518 	2
205.0 	0.00409508 	0.000387923 	2
206.0 	0.00407149 	0.000387368 	2
207.0 	0.00406031 	0.000387344 	2
208.0 	0.0040312 	0.000386677 	2
209.0 	0.00401568 	0.000385783 	2
210.0 	0.00399225 	0.000384936 	2
211.0 	0.00398241 	0.000384031 	2
212.0 	0.00396241 	0.000383577 	2
213.0 	0.00394349 	0.000382613 	2
214.0 	0.00390759 	0.00038208 	2
215.0 	0.00388541 	0.000380689 	2
216.0 	0.00385515 	0.000380135 	2
217.0 	0.00384062 	0.000379179 	2
218.0 	0.00381365 	0.000378456 	2
219.0 	0.00379778 	0.000377446 	2
220.0 	0.00376891 	0.00037675 	2
221.0 	0.00375968 	0.000375866 	2
222.0 	0.00373325 	0.000145774 	3
223.0 	0.00368784 	0.000367676 	2
224.0 	0.00365354 	0.000143035 	3
225.0 	0.00362099 	0.000361802 	2
226.0 	0.00358936 	0.000141274 	3
227.0 	0.00356294 	0.000139523 	3
228.0 	0.00351943 	0.000137885 	3
229.0 	0.00349197 	0.000136546 	3
230.0 	0.00344133 	0.000135176 	3
231.0 	0.0034153 	0.000134063 	3
232.0 	0.00337368 	0.000133084 	3
233.0 	0.00335253 	0.000132304 	3
234.0 	0.00331574 	0.000131592 	3
235.0 	0.0032954 	0.000130866 	3
236.0 	0.00326325 	0.000130431 	3
237.0 	0.00324568 	0.000129924 	3
238.0 	0.00320786 	0.000129532 	3
239.0 	0.00319156 	0.000129161 	3
240.0 	0.00315617 	0.000128809 	3
241.0 	0.00314027 	0.000128545 	3
242.0 	0.00310873 	0.000128344 	3
243.0 	0.0030943 	0.000128106 	3
244.0 	0.00306283 	0.000127903 	3
245.0 	0.00304939 	0.00012766 	3
246.0 	0.00301967 	0.000127592 	3
247.0 	0.00300599 	0.000127441 	3
248.0 	0.00297716 	0.000127391 	3
249.0 	0.0029641 	0.000127309 	3
250.0 	0.00293628 	0.0001274 	3
251.0 	0.00292133 	0.000127357 	3
252.0 	0.002896 	0.000127514 	3
253.0 	0.00288227 	0.000127581 	3
254.0 	0.00286488 	0.000127903 	3
255.0 	0.00285025 	0.000128026 	3
256.0 	0.00282437 	0.000128353 	3
257.0 	0.00280997 	0.000128495 	3
258.0 	0.00279014 	0.000129037 	3
259.0 	0.00277657 	0.00012934 	3
260.0 	0.00275603 	0.000130001 	3
261.0 	0.00274458 	0.000130416 	3
262.0 	0.00272796 	0.000131238 	3
263.0 	0.00271718 	0.00013175 	3
264.0 	0.00269993 	0.000132687 	3
265.0 	0.0026885 	0.000133369 	3
266.0 	0.00267349 	0.000134486 	3
267.0 	0.00266239 	0.000135296 	3
268.0 	0.00264856 	0.000136547 	3
269.0 	0.00263912 	0.000137553 	3
270.0 	0.00262625 	0.000138985 	3
271.0 	0.00261798 	0.000140108 	3
272.0 	0.00260752 	0.000141701 	3
273.0 	0.00259925 	0.000142998 	3
274.0 	0.00259175 	0.000144709 	3
275.0 	0.00258513 	0.000146135 	3
276.0 	0.00258015 	0.000148049 	3
277.0 	0.00257395 	0.000149695 	3
278.0 	0.00257158 	0.000151737 	3
279.0 	0.002568 	0.000153496 	3
280.0 	0.00257735 	0.000155806 	3
281.0 	0.0025745 	0.000157692 	3
282.0 	0.00257063 	0.000160036 	3
283.0 	0.00256753 	0.000162145 	3
284.0 	0.00256832 	0.000164705 	3
285.0 	0.00257114 	0.000166994 	3
286.0 	0.00257511 	0.000169685 	3
287.0 	0.00257969 	0.000172072 	3
288.0 	0.00258518 	0.000174985 	3
289.0 	0.00259114 	0.00017762 	3
290.0 	0.00259928 	0.000180628 	3
291.0 	0.00260763 	0.000183377 	3
292.0 	0.00261744 	0.000186592 	3
293.0 	0.00262815 	0.000189506 	3
294.0 	0.00264097 	0.000192896 	3
295.0 	0.00265324 	0.000195956 	3
296.0 	0.00266738 	0.00019951 	3
297.0 	0.00268246 	0.000202731 	3
298.0 	0.0026991 	0.000206391 	3
299.0 	0.00271364 	0.000209541 	3
300.0 	0.00273285 	0.000213373 	3
301.0 	0.0027501 	0.000216688 	3
302.0 	0.0027715 	0.000220678 	3
303.0 	0.00279206 	0.000224142 	3
304.0 	0.00281638 	0.000228327 	3
305.0 	0.00283821 	0.000232027 	3
306.0 	0.0028662 	0.000236627 	3
307.0 	0.00289054 	0.000240446 	3
308.0 	0.00292052 	0.000245117 	3
309.0 	0.00294762 	0.00024914 	3
310.0 	0.00297913 	0.000253934 	3
311.0 	0.00300644 	0.000257866 	3
312.0 	0.00304154 	0.000262696 	3
313.0 	0.00307086 	0.000266705 	3
314.0 	0.0031063 	0.00027162 	3
315.0 	0.00313781 	0.000275763 	3
316.0 	0.00317602 	0.000280761 	3
317.0 	0.00321017 	0.000285043 	3
318.0 	0.00325008 	0.000290145 	3
319.0 	0.00328653 	0.000294519 	3
320.0 	0.00332874 	0.000299726 	3
321.0 	0.00336758 	0.000304231 	3
322.0 	0.00341141 	0.000309584 	3
323.0 	0.00345096 	0.000314113 	3
324.0 	0.00349727 	0.00031939 	3
325.0 	0.00354074 	0.000324079 	3
326.0 	0.00358668 	0.000329411 	3
327.0 	0.00363068 	0.000334132 	3
328.0 	0.00367959 	0.000339587 	3
329.0 	0.00372615 	0.000344451 	3
330.0 	0.00377613 	0.00034996 	3
331.0 	0.00382318 	0.000354788 	3
332.0 	0.00387442 	0.000360255 	3
333.0 	0.00392491 	0.000365256 	3
334.0 	0.00397658 	0.000370747 	3
335.0 	0.0040269 	0.000375681 	3
336.0 	0.00408132 	0.000381257 	3
337.0 	0.00413491 	0.000386292 	3
338.0 	0.00418867 	0.000391848 	3
339.0 	0.00424223 	0.000396819 	3
340.0 	0.00429951 	0.000402444 	3
341.0 	0.00435593 	0.000407599 	3
342.0 	0.00441302 	0.000413174 	3
343.0 	0.00446961 	0.000418308 	3
344.0 	0.00452795 	0.000423908 	3
345.0 	0.00458741 	0.000429053 	3
346.0 	0.00464558 	0.0004347 	3
347.0 	0.00470406 	0.000439787 	3
348.0 	0.00476405 	0.000445435 	3
349.0 	0.00482632 	0.000450664 	3
350.0 	0.00488524 	0.000456274 	3
351.0 	0.00494634 	0.000461405 	3
352.0 	0.00500787 	0.000467083 	3
353.0 	0.00507066 	0.000472282 	3
354.0 	0.00513134 	0.000477914 	3
355.0 	0.00519363 	0.000483151 	3
356.0 	0.00525517 	0.000488704 	3
357.0 	0.00531927 	0.000493943 	3
358.0 	0.00538012 	0.000499497 	3
359.0 	0.00544398 	0.000504736 	3
360.0 	0.00550629 	0.000510339 	3
361.0 	0.00557032 	0.000515595 	3
362.0 	0.00563231 	0.000521066 	3
363.0 	0.00569506 	0.000526167 	3
364.0 	0.00575692 	0.000531627 	3
365.0 	0.00582074 	0.000536909 	3
366.0 	0.00588125 	0.000542294 	3
367.0 	0.00594426 	0.000547522 	3
368.0 	0.0060063 	0.000553003 	3
369.0 	0.00606976 	0.000558223 	3
370.0 	0.00613079 	0.000563648 	3
371.0 	0.00619324 	0.000568749 	3
372.0 	0.00625522 	0.000574157 	3
373.0 	0.00631785 	0.000579306 	3
374.0 	0.00637871 	0.000584608 	3
375.0 	0.00644132 	0.000589734 	3
376.0 	0.00650318 	0.000595109 	3
377.0 	0.0065672 	0.000600371 	3
378.0 	0.00662821 	0.00060567 	3
379.0 	0.00669056 	0.00061075 	3
380.0 	0.00675251 	0.00061607 	3
381.0 	0.00681451 	0.000621174 	3
382.0 	0.00687447 	0.00062638 	3
383.0 	0.00693609 	0.000631462 	3
384.0 	0.00699729 	0.000636727 	3
385.0 	0.00706075 	0.000641961 	3
386.0 	0.00712011 	0.000647099 	3
387.0 	0.00718243 	0.000652237 	3
388.0 	0.00724317 	0.000657459 	3
389.0 	0.00730599 	0.000662664 	3
390.0 	0.00736497 	0.000667743 	3
391.0 	0.00742651 	0.000672808 	3
392.0 	0.00748614 	0.000677903 	3
393.0 	0.00754793 	0.000683022 	3
394.0 	0.00760789 	0.000688217 	3
395.0 	0.00766861 	0.000693267 	3
396.0 	0.00772759 	0.00069826 	3
397.0 	0.00778954 	0.00070344 	3
398.0 	0.00784678 	0.000708341 	3
399.0 	0.0079064 	0.000713488 	3
400.0 	0.00796546 	0.000718545 	3
401.0 	0.00802655 	0.000723648 	3
402.0 	0.00808441 	0.000728549 	3
403.0 	0.00814406 	0.000733692 	3
404.0 	0.00820411 	0.000738764 	3
405.0 	0.00826651 	0.000743972 	3
406.0 	0.00832453 	0.000748887 	3
407.0 	0.00838373 	0.000754032 	3
408.0 	0.00844386 	0.00075909 	3
409.0 	0.00850449 	0.000764201 	3
410.0 	0.00856337 	0.000769138 	3
411.0 	0.00862145 	0.000774221 	3
412.0 	0.00868026 	0.000779166 	3
413.0 	0.00873989 	0.000784269 	3
414.0 	0.00879739 	0.00078904 	3
415.0 	0.00885552 	0.000794028 	3
416.0 	0.00891255 	0.000798894 	3
417.0 	0.00896801 	0.000803811 	3
418.0 	0.00902468 	0.00080859 	3
419.0 	0.00908108 	0.00081332 	3
420.0 	0.00913866 	0.000818051 	3
421.0 	0.00919475 	0.000822962 	3
422.0 	0.00925144 	0.000827681 	3
423.0 	0.00930728 	0.000832582 	3
424.0 	0.00936309 	0.000837188 	3
425.0 	0.00941865 	0.000842103 	3
426.0 	0.00947449 	0.000846693 	3
427.0 	0.00952873 	0.000851429 	3
428.0 	0.00958575 	0.000856156 	3
429.0 	0.00964181 	0.000860985 	3
430.0 	0.00969568 	0.00086531 	3
431.0 	0.00974947 	0.00087004 	3
432.0 	0.00980313 	0.000874412 	3
433.0 	0.00985717 	0.000879022 	3
434.0 	0.00991023 	0.000883249 	3
435.0 	0.00996387 	0.000887872 	3
436.0 	0.0100162 	0.000892003 	3
437.0 	0.0100691 	0.000896566 	3
438.0 	0.0101201 	0.000900528 	3
439.0 	0.0101711 	0.000904889 	3
440.0 	0.0102213 	0.000908813 	3
441.0 	0.0102728 	0.00091332 	3
442.0 	0.010321 	0.000917013 	3
443.0 	0.0103707 	0.000921285 	3
444.0 	0.0104196 	0.000925049 	3
445.0 	0.0104697 	0.000929378 	3
446.0 	0.0105171 	0.000933023 	3
447.0 	0.0105663 	0.000937306 	3
448.0 	0.0106137 	0.000940954 	3
449.0 	0.0106614 	0.000945091 	3
450.0 	0.0107071 	0.00094856 	3
451.0 	0.0107533 	0.000952516 	3
452.0 	0.0108007 	0.000956155 	3
453.0 	0.0108488 	0.000960376 	3
454.0 	0.0108944 	0.00096381 	3
455.0 	0.0109401 	0.00096777 	3
456.0 	0.0109859 	0.000971268 	3
457.0 	0.0110312 	0.000975204 	3
458.0 	0.011075 	0.000978496 	3
459.0 	0.011121 	0.000982565 	3
460.0 	0.0111649 	0.000985876 	3
461.0 	0.0112096 	0.000989791 	3
462.0 	0.0112526 	0.000993064 	3
463.0 	0.0112963 	0.000996771 	3
464.0 	0.0113393 	0.00100008 	3
465.0 	0.0113829 	0.00100401 	3
466.0 	0.0114239 	0.00100721 	3
467.0 	0.011465 	0.00101084 	3
468.0 	0.0115072 	0.00101415 	3
469.0 	0.0115493 	0.00101791 	3
470.0 	0.0115905 	0.00102111 	3
471.0 	0.0116336 	0.0010249 	3
472.0 	0.0116759 	0.00102817 	3
473.0 	0.0117179 	0.00103183 	3
474.0 	0.01176 	0.0010351 	3
475.0 	0.0118018 	0.00103867 	3
476.0 	0.0118444 	0.00104197 	3
477.0 	0.0118881 	0.00104585 	3
478.0 	0.0119285 	0.00104887 	3
479.0 	0.0119703 	0.00105249 	3
480.0 	0.0120113 	0.00105558 	3
481.0 	0.0120532 	0.00105905 	3
482.0 	0.0120941 	0.00106212 	3
483.0 	0.012136 	0.00106557 	3
484.0 	0.0121747 	0.00106837 	3
485.0 	0.0122146 	0.00107169 	3
486.0 	0.0122515 	0.00107433 	3
487.0 	0.0122899 	0.00107745 	3
488.0 	0.0123259 	0.00108001 	3
489.0 	0.0123633 	0.00108313 	3
490.0 	0.0123964 	0.00108544 	3
491.0 	0.0124318 	0.00108831 	3
492.0 	0.0124658 	0.0010907 	3
493.0 	0.0125 	0.00109346 	3
494.0 	0.0125326 	0.0010957 	3
495.0 	0.0125676 	0.00109857 	3
496.0 	0.0125993 	0.00110067 	3
497.0 	0.0126334 	0.00110345 	3
498.0 	0.0126648 	0.00110556 	3
499.0 	0.0126987 	0.00110823 	3
500.0 	0.0127305 	0.00111042 	3
501.0 	0.0127628 	0.00111312 	3
502.0 	0.0127919 	0.00111516 	3
503.0 	0.0128229 	0.00111776 	3
504.0 	0.0128519 	0.00111981 	3
505.0 	0.0128836 	0.00112247 	3
506.0 	0.0129133 	0.00112457 	3
507.0 	0.0129466 	0.00112736 	3
508.0 	0.0129771 	0.0011295 	3
509.0 	0.0130107 	0.00113213 	3
510.0 	0.0130416 	0.0011343 	3
511.0 	0.0130753 	0.00113693 	3
512.0 	0.0131054 	0.00113896 	3
513.0 	0.0131371 	0.00114149 	3
514.0 	0.0131646 	0.00114333 	3
515.0 	0.0131942 	0.00114561 	3
516.0 	0.013222 	0.00114747 	3
517.0 	0.013252 	0.00114975 	3
518.0 	0.0132798 	0.0011516 	3
519.0 	0.0133092 	0.0011538 	3
520.0 	0.0133361 	0.00115553 	3
521.0 	0.0133642 	0.00115765 	3
522.0 	0.0133895 	0.00115925 	3
523.0 	0.0134163 	0.00116121 	3
524.0 	0.0134411 	0.00116276 	3
525.0 	0.0134676 	0.00116472 	3
526.0 	0.0134928 	0.00116616 	3
527.0 	0.0135257 	0.00116878 	3
528.0 	0.0135372 	0.00116915 	3
529.0 	0.013557 	0.00117033 	3
530.0 	0.013578 	0.00117132 	3
531.0 	0.0136021 	0.00117292 	3
532.0 	0.0136269 	0.00117425 	3
533.0 	0.0136542 	0.00117608 	3
534.0 	0.013681 	0.00117752 	3
535.0 	0.0137076 	0.00117921 	3
536.0 	0.0137317 	0.00118041 	3
537.0 	0.0137546 	0.00118183 	3
538.0 	0.0137737 	0.00118266 	3
539.0 	0.0137923 	0.00118376 	3
540.0 	0.013809 	0.00118445 	3
541.0 	0.0138258 	0.00118542 	3
542.0 	0.0138419 	0.00118608 	3
543.0 	0.0138594 	0.00118711 	3
544.0 	0.0138764 	0.00118778 	3
545.0 	0.013895 	0.00118883 	3
546.0 	0.0139134 	0.00118961 	3
547.0 	0.0139326 	0.00119062 	3
548.0 	0.0139511 	0.00119137 	3
549.0 	0.0139701 	0.00119242 	3
550.0 	0.0139873 	0.00119302 	3
551.0 	0.0140046 	0.00119391 	3
552.0 	0.0140204 	0.00119438 	3
553.0 	0.0140366 	0.00119519 	3
554.0 	0.0140512 	0.00119558 	3
555.0 	0.0140664 	0.00119632 	3
556.0 	0.0140802 	0.00119665 	3
557.0 	0.0140949 	0.00119733 	3
558.0 	0.0141088 	0.00119769 	3
559.0 	0.0141236 	0.00119836 	3
560.0 	0.0141373 	0.00119867 	3
561.0 	0.0141516 	0.0011993 	3
562.0 	0.0141642 	0.00119949 	3
563.0 	0.0141777 	0.00120001 	3
564.0 	0.0141904 	0.00120018 	3
565.0 	0.014204 	0.00120068 	3
566.0 	0.0142171 	0.00120088 	3
567.0 	0.0142308 	0.0012014 	3
568.0 	0.0142433 	0.0012015 	3
569.0 	0.014257 	0.00120201 	3
570.0 	0.0142689 	0.0012021 	3
571.0 	0.0142813 	0.00120248 	3
572.0 	0.0142925 	0.00120249 	3
573.0 	0.0143038 	0.00120281 	3
574.0 	0.0143145 	0.00120278 	3
575.0 	0.0143254 	0.00120306 	3
576.0 	0.0143352 	0.00120294 	3
577.0 	0.0143453 	0.00120314 	3
578.0 	0.0143544 	0.00120293 	3
579.0 	0.0143645 	0.00120309 	3
580.0 	0.0143736 	0.00120286 	3
581.0 	0.0143835 	0.00120296 	3
582.0 	0.014393 	0.00120277 	3
583.0 	0.0144029 	0.00120285 	3
584.0 	0.0144119 	0.00120258 	3
585.0 	0.0144217 	0.0012027 	3
586.0 	0.0144306 	0.00120242 	3
587.0 	0.0144394 	0.00120244 	3
588.0 	0.0144471 	0.00120209 	3
589.0 	0.0144547 	0.00120199 	3
590.0 	0.0144613 	0.00120159 	3
591.0 	0.0144678 	0.0012014 	3
592.0 	0.0144737 	0.00120086 	3
593.0 	0.0144796 	0.00120064 	3
594.0 	0.0144848 	0.00120003 	3
595.0 	0.0144912 	0.0011998 	3
596.0 	0.0144969 	0.00119921 	3
597.0 	0.0145029 	0.00119891 	3
598.0 	0.0145087 	0.00119833 	3
599.0 	0.014515 	0.00119805 	3
600.0 	0.0145208 	0.00119745 	3
601.0 	0.0145268 	0.00119716 	3
602.0 	0.0145317 	0.00119649 	3
603.0 	0.0145371 	0.00119613 	3
604.0 	0.0145411 	0.00119542 	3
605.0 	0.0145453 	0.00119499 	3
606.0 	0.0145484 	0.00119423 	3
607.0 	0.0145514 	0.00119374 	3
608.0 	0.0145532 	0.00119287 	3
609.0 	0.0145554 	0.00119232 	3
610.0 	0.014556 	0.00119135 	3
611.0 	0.0145575 	0.0011907 	3
612.0 	0.0145579 	0.00118967 	3
613.0 	0.0145591 	0.00118891 	3
614.0 	0.0145605 	0.00118788 	3
615.0 	0.0145633 	0.0011872 	3
616.0 	0.0145661 	0.00118622 	3
617.0 	0.0145697 	0.00118556 	3
618.0 	0.0145728 	0.00118456 	3
619.0 	0.0145767 	0.00118386 	3
620.0 	0.0145798 	0.00118284 	3
621.0 	0.0145835 	0.00118213 	3
622.0 	0.014586 	0.00118108 	3
623.0 	0.0145888 	0.00118031 	3
624.0 	0.0145904 	0.00117919 	3
625.0 	0.0145922 	0.00117836 	3
626.0 	0.0145927 	0.00117718 	3
627.0 	0.0145932 	0.00117628 	3
628.0 	0.0145925 	0.00117502 	3
629.0 	0.0145916 	0.00117403 	3
630.0 	0.0145893 	0.00117267 	3
631.0 	0.0145875 	0.00117161 	3
632.0 	0.0145845 	0.00117018 	3
633.0 	0.0145823 	0.00116911 	3
634.0 	0.0145788 	0.00116767 	3
635.0 	0.0145758 	0.0011665 	3
636.0 	0.0145716 	0.00116497 	3
637.0 	0.0145684 	0.00116373 	3
638.0 	0.0145644 	0.0011622 	3
639.0 	0.0145619 	0.00116099 	3
640.0 	0.0145585 	0.00115946 	3
641.0 	0.014556 	0.00115823 	3
642.0 	0.0145528 	0.00115669 	3
643.0 	0.0145502 	0.00115543 	3
644.0 	0.0145466 	0.00115382 	3
645.0 	0.0145438 	0.00115253 	3
646.0 	0.0145404 	0.00115091 	3
647.0 	0.0145382 	0.00114962 	3
648.0 	0.0145352 	0.00114797 	3
649.0 	0.0145331 	0.00114664 	3
650.0 	0.0145305 	0.00114504 	3
651.0 	0.0145284 	0.00114373 	3
652.0 	0.0145251 	0.00114207 	3
653.0 	0.0145214 	0.00114064 	3
654.0 	0.0145165 	0.00113889 	3
655.0 	0.0145119 	0.00113739 	3
656.0 	0.0145058 	0.00113556 	3
657.0 	0.0145002 	0.00113404 	3
658.0 	0.0144931 	0.00113213 	3
659.0 	0.0144871 	0.00113059 	3
660.0 	0.0144798 	0.00112867 	3
661.0 	0.0144733 	0.00112706 	3
662.0 	0.0144657 	0.00112514 	3
663.0 	0.0144589 	0.0011235 	3
664.0 	0.0144511 	0.00112154 	3
665.0 	0.0144434 	0.00111985 	3
666.0 	0.0144349 	0.0011178 	3
667.0 	0.0144269 	0.00111606 	3
668.0 	0.0144179 	0.00111398 	3
669.0 	0.0144097 	0.00111219 	3
670.0 	0.0144005 	0.00111004 	3
671.0 	0.0143936 	0.00110831 	3
672.0 	0.0143853 	0.00110623 	3
673.0 	0.0143786 	0.00110452 	3
674.0 	0.014371 	0.00110245 	3
675.0 	0.0143645 	0.00110079 	3
676.0 	0.0143562 	0.00109863 	3
677.0 	0.0143492 	0.00109688 	3
678.0 	0.014341 	0.00109472 	3
679.0 	0.0143338 	0.00109291 	3
680.0 	0.0143259 	0.00109076 	3
681.0 	0.0143178 	0.00108887 	3
682.0 	0.0143097 	0.00108675 	3
683.0 	0.0143024 	0.00108491 	3
684.0 	0.0142938 	0.00108276 	3
685.0 	0.0142852 	0.00108086 	3
686.0 	0.0142757 	0.00107864 	3
687.0 	0.0142664 	0.00107668 	3
688.0 	0.0142561 	0.0010744 	3
689.0 	0.0142458 	0.00107236 	3
690.0 	0.0142344 	0.00106993 	3
691.0 	0.0142238 	0.00106784 	3
692.0 	0.0142132 	0.00106549 	3
693.0 	0.0142037 	0.0010634 	3
694.0 	0.0141938 	0.00106108 	3
695.0 	0.0141851 	0.00105905 	3
696.0 	0.0141757 	0.00105668 	3
697.0 	0.014167 	0.00105464 	3
698.0 	0.0141572 	0.00105227 	3
699.0 	0.0141476 	0.00105013 	3
700.0 	0.0141364 	0.00104765 	3
701.0 	0.0141256 	0.00104545 	3
702.0 	0.0141136 	0.00104289 	3
703.0 	0.0141021 	0.00104064 	3
704.0 	0.0140894 	0.00103806 	3
705.0 	0.0140776 	0.00103578 	3
706.0 	0.0140648 	0.0010332 	3
707.0 	0.014053 	0.00103094 	3
708.0 	0.01404 	0.00102835 	3
709.0 	0.014028 	0.00102607 	3
710.0 	0.0140144 	0.00102346 	3
711.0 	0.0140017 	0.00102112 	3
712.0 	0.0139876 	0.00101846 	3
713.0 	0.0139742 	0.00101607 	3
714.0 	0.0139599 	0.00101338 	3
715.0 	0.0139462 	0.00101098 	3
716.0 	0.0139313 	0.00100825 	3
717.0 	0.0139171 	0.00100582 	3
718.0 	0.0139021 	0.00100305 	3
719.0 	0.0138874 	0.00100057 	3
720.0 	0.0138721 	0.000997792 	3
721.0 	0.0138576 	0.000995289 	3
722.0 	0.0138427 	0.000992528 	3
723.0 	0.0138284 	0.000990042 	3
724.0 	0.0138136 	0.000987238 	3
725.0 	0.0137995 	0.000984764 	3
726.0 	0.0137848 	0.000981963 	3
727.0 	0.0137714 	0.000979505 	3
728.0 	0.0137572 	0.000976751 	3
729.0 	0.0137435 	0.00097426 	3
730.0 	0.0137282 	0.000971414 	3
731.0 	0.0137136 	0.000968912 	3
732.0 	0.0136973 	0.00096603 	3
733.0 	0.0136818 	0.000963448 	3
734.0 	0.0136646 	0.000960522 	3
735.0 	0.0136485 	0.000957917 	3
736.0 	0.0136316 	0.000954984 	3
737.0 	0.0136156 	0.000952392 	3
738.0 	0.0135993 	0.000949494 	3
739.0 	0.013584 	0.000946922 	3
740.0 	0.0135682 	0.000944071 	3
741.0 	0.0135533 	0.00094152 	3
742.0 	0.0135371 	0.000938608 	3
743.0 	0.0135217 	0.000936079 	3
744.0 	0.0135049 	0.000933135 	3
745.0 	0.0134881 	0.000930481 	3
746.0 	0.0134704 	0.000927511 	3
747.0 	0.0134531 	0.000924844 	3
748.0 	0.013435 	0.000921834 	3
749.0 	0.0134176 	0.000919161 	3
750.0 	0.0133994 	0.000916139 	3
751.0 	0.0133822 	0.000913448 	3
752.0 	0.0133644 	0.000910459 	3
753.0 	0.0133476 	0.000907779 	3
754.0 	0.0133302 	0.000904772 	3
755.0 	0.0133137 	0.000902115 	3
756.0 	0.0132966 	0.000899132 	3
757.0 	0.013281 	0.000896504 	3
758.0 	0.0132646 	0.000893577 	3
759.0 	0.0132485 	0.000890936 	3
760.0 	0.0132309 	0.000887911 	3
761.0 	0.0132141 	0.000885224 	3
762.0 	0.0131961 	0.0008822 	3
763.0 	0.0131788 	0.000879479 	3
764.0 	0.0131604 	0.000876456 	3
765.0 	0.0131426 	0.000873725 	3
766.0 	0.0131239 	0.000870682 	3
767.0 	0.0131065 	0.000868004 	3
768.0 	0.013088 	0.000865 	3
769.0 	0.0130701 	0.000862286 	3
770.0 	0.0130514 	0.000859302 	3
771.0 	0.0130328 	0.00085659 	3
772.0 	0.0130133 	0.000853569 	3
773.0 	0.0129945 	0.000850885 	3
774.0 	0.0129741 	0.000847818 	3
775.0 	0.0129534 	0.000845017 	3
776.0 	0.012932 	0.000841906 	3
777.0 	0.0129111 	0.00083909 	3
778.0 	0.0128899 	0.000835962 	3
779.0 	0.0128697 	0.000833176 	3
780.0 	0.0128499 	0.000830137 	3
781.0 	0.0128309 	0.000827384 	3
782.0 	0.0128122 	0.000824413 	3
783.0 	0.0127948 	0.000821752 	3
784.0 	0.0127763 	0.000818767 	3
785.0 	0.0127592 	0.00081613 	3
786.0 	0.0127407 	0.000813124 	3
787.0 	0.012723 	0.000810425 	3
788.0 	0.0127041 	0.0008074 	3
789.0 	0.0126858 	0.000804688 	3
790.0 	0.0126667 	0.000801659 	3
791.0 	0.0126482 	0.000798952 	3
792.0 	0.0126288 	0.00079592 	3
793.0 	0.0126105 	0.000793202 	3
794.0 	0.0125913 	0.000790181 	3
795.0 	0.012573 	0.0007875 	3
796.0 	0.0125539 	0.000784505 	3
797.0 	0.0125357 	0.000781845 	3
798.0 	0.0125162 	0.000778858 	3
799.0 	0.0124976 	0.00077617 	3
800.0 	0.0124781 	0.000773183 	3
801.0 	0.0124588 	0.000770492 	3
802.0 	0.0124386 	0.000767476 	3
803.0 	0.0124187 	0.000764761 	3
804.0 	0.0123978 	0.000761748 	3
805.0 	0.0123774 	0.000759013 	3
806.0 	0.0123564 	0.00075599 	3
807.0 	0.0123353 	0.000753226 	3
808.0 	0.0123141 	0.000750178 	3
809.0 	0.0122937 	0.000747485 	3
810.0 	0.0122729 	0.000744471 	3
811.0 	0.0122527 	0.000741765 	3
812.0 	0.0122321 	0.00073879 	3
813.0 	0.0122123 	0.000736121 	3
814.0 	0.0121921 	0.000733156 	3
815.0 	0.0121723 	0.000730503 	3
816.0 	0.0121522 	0.00072754 	3
817.0 	0.0121323 	0.000724889 	3
818.0 	0.0121121 	0.000721931 	3
819.0 	0.0120928 	0.000719316 	3
820.0 	0.012072 	0.000716355 	3
821.0 	0.0120517 	0.000713696 	3
822.0 	0.0120314 	0.000710743 	3
823.0 	0.0120108 	0.000708067 	3
824.0 	0.0119903 	0.000705129 	3
825.0 	0.011971 	0.000702542 	3
826.0 	0.0119513 	0.000699652 	3
827.0 	0.0119324 	0.000697094 	3
828.0 	0.0119124 	0.000694203 	3
829.0 	0.0118932 	0.000691632 	3
830.0 	0.0118731 	0.000688764 	3
831.0 	0.0118535 	0.000686193 	3
832.0 	0.011833 	0.000683329 	3
833.0 	0.0118127 	0.000680748 	3
834.0 	0.0117915 	0.00067784 	3
835.0 	0.0117705 	0.000675262 	3
836.0 	0.0117492 	0.000672385 	3
837.0 	0.0117275 	0.000669768 	3
838.0 	0.0117055 	0.000666881 	3
839.0 	0.0116839 	0.000664258 	3
840.0 	0.0116624 	0.000661392 	3
841.0 	0.0116412 	0.000658813 	3
842.0 	0.0116201 	0.000655963 	3
843.0 	0.0115999 	0.000653428 	3
844.0 	0.0115796 	0.000650618 	3
845.0 	0.0115603 	0.000648136 	3
846.0 	0.0115405 	0.00064534 	3
847.0 	0.0115218 	0.000642911 	3
848.0 	0.0115027 	0.000640185 	3
849.0 	0.0114832 	0.000637722 	3
850.0 	0.0114633 	0.000634958 	3
851.0 	0.0114432 	0.000632477 	3
852.0 	0.0114223 	0.000629662 	3
853.0 	0.0114018 	0.000627183 	3
854.0 	0.0113811 	0.000624413 	3
855.0 	0.0113611 	0.000621962 	3
856.0 	0.0113408 	0.000619238 	3
857.0 	0.0113212 	0.000616826 	3
858.0 	0.0113012 	0.000614098 	3
859.0 	0.0112815 	0.000611676 	3
860.0 	0.0112617 	0.000608976 	3
861.0 	0.0112422 	0.00060659 	3
862.0 	0.0112223 	0.000603897 	3
863.0 	0.0112036 	0.00060157 	3
864.0 	0.0111838 	0.000598884 	3
865.0 	0.0111639 	0.000596521 	3
866.0 	0.011144 	0.000593832 	3
867.0 	0.011124 	0.000591482 	3
868.0 	0.0111041 	0.000588821 	3
869.0 	0.0110844 	0.000586494 	3
870.0 	0.0110642 	0.000583833 	3
871.0 	0.0110445 	0.000581511 	3
872.0 	0.0110244 	0.000578877 	3
873.0 	0.0110046 	0.000576581 	3
874.0 	0.0109843 	0.000573953 	3
875.0 	0.0109636 	0.000571638 	3
876.0 	0.0109432 	0.000569021 	3
877.0 	0.0109223 	0.000566702 	3
878.0 	0.0109019 	0.000564123 	3
879.0 	0.0108816 	0.000561836 	3
880.0 	0.0108613 	0.000559256 	3
881.0 	0.0108411 	0.000557005 	3
882.0 	0.0108216 	0.000554459 	3
883.0 	0.0108019 	0.000552249 	3
884.0 	0.0107827 	0.00054975 	3
885.0 	0.0107634 	0.000547564 	3
886.0 	0.010744 	0.000545068 	3
887.0 	0.0107243 	0.000542887 	3
888.0 	0.0107047 	0.000540382 	3
889.0 	0.0106842 	0.000538174 	3
890.0 	0.0106645 	0.000535709 	3
891.0 	0.0106446 	0.000533536 	3
892.0 	0.0106247 	0.000531075 	3
893.0 	0.0106043 	0.00052891 	3
894.0 	0.0105848 	0.000526469 	3
895.0 	0.0105649 	0.000524327 	3
896.0 	0.010546 	0.000521936 	3
897.0 	0.0105264 	0.000519814 	3
898.0 	0.0105078 	0.000517431 	3
899.0 	0.0104891 	0.000515358 	3
900.0 	0.0104705 	0.000512978 	3
901.0 	0.0104521 	0.000510917 	3
902.0 	0.0104337 	0.000508579 	3
903.0 	0.0104153 	0.000506553 	3
904.0 	0.0103969 	0.00050423 	3
905.0 	0.0103776 	0.000502177 	3
906.0 	0.0103585 	0.000499812 	3
907.0 	0.0103384 	0.000497734 	3
908.0 	0.0103193 	0.000495398 	3
909.0 	0.0102998 	0.000493354 	3
910.0 	0.0102814 	0.000491066 	3
911.0 	0.0102619 	0.000489033 	3
912.0 	0.0102431 	0.000486726 	3
913.0 	0.0102245 	0.000484749 	3
914.0 	0.0102063 	0.000482501 	3
915.0 	0.0101883 	0.000480558 	3
916.0 	0.0101708 	0.000478351 	3
917.0 	0.010153 	0.000476443 	3
918.0 	0.0101356 	0.000474242 	3
919.0 	0.0101171 	0.000472297 	3
920.0 	0.0100989 	0.000470087 	3
921.0 	0.0100805 	0.000468153 	3
922.0 	0.0100622 	0.000465959 	3
923.0 	0.0100433 	0.000464025 	3
924.0 	0.0100254 	0.000461873 	3
925.0 	0.0100069 	0.000459971 	3
926.0 	0.00998888 	0.00045782 	3
927.0 	0.00996982 	0.000455898 	3
928.0 	0.00995176 	0.000453769 	3
929.0 	0.00993433 	0.000451947 	3
930.0 	0.00991674 	0.000449799 	3
931.0 	0.00989714 	0.000447892 	3
932.0 	0.00987967 	0.000445813 	3
933.0 	0.00986206 	0.000444004 	3
934.0 	0.0098441 	0.00044189 	3
935.0 	0.00982452 	0.00044002 	3
936.0 	0.00980701 	0.000437961 	3
937.0 	0.00978844 	0.000436137 	3
938.0 	0.00977057 	0.000434056 	3
939.0 	0.00975013 	0.00043216 	3
940.0 	0.0097328 	0.000430151 	3
941.0 	0.00971408 	0.000428351 	3
942.0 	0.00969632 	0.000426304 	3
943.0 	0.00967787 	0.00042454 	3
944.0 	0.00966161 	0.000422578 	3
945.0 	0.00964277 	0.000420762 	3
946.0 	0.0096255 	0.000418769 	3
947.0 	0.00960722 	0.000416992 	3
948.0 	0.0095897 	0.000414989 	3
949.0 	0.00957088 	0.000413232 	3
950.0 	0.00955399 	0.000411295 	3
951.0 	0.00953497 	0.000409523 	3
952.0 	0.00951723 	0.000407563 	3
953.0 	0.00949719 	0.000405765 	3
954.0 	0.00947954 	0.000403836 	3
955.0 	0.00945899 	0.000402041 	3
956.0 	0.00944174 	0.000400145 	3
957.0 	0.00942057 	0.000398334 	3
958.0 	0.00940352 	0.000396459 	3
959.0 	0.00938308 	0.000394697 	3
960.0 	0.00936663 	0.000392849 	3
961.0 	0.00934689 	0.000391129 	3
962.0 	0.00933052 	0.000389317 	3
963.0 	0.00931217 	0.000387659 	3
964.0 	0.00929569 	0.000385841 	3
965.0 	0.00927783 	0.000384225 	3
966.0 	0.0092616 	0.00038244 	3
967.0 	0.00924431 	0.000380872 	3
968.0 	0.00922792 	0.000379109 	3
969.0 	0.00921039 	0.000377549 	3
970.0 	0.00919427 	0.000375824 	3
971.0 	0.00917608 	0.000374267 	3
972.0 	0.00916012 	0.000372573 	3
973.0 	0.00914093 	0.00037101 	3
974.0 	0.00912556 	0.000369361 	3
975.0 	0.00910491 	0.000367748 	3
976.0 	0.00908623 	0.000907519 	2
977.0 	0.00868231 	0.000356179 	3
978.0 	0.00873489 	0.000355016 	3
979.0 	0.00885864 	0.000357424 	3
980.0 	0.00892422 	0.000889777 	2
981.0 	0.00864519 	0.000352039 	3
982.0 	0.00870262 	0.000350683 	3
983.0 	0.00885319 	0.000880982 	2
984.0 	0.00856243 	0.000346763 	3
985.0 	0.00862701 	0.000860698 	2
986.0 	0.00846642 	0.000342648 	3
987.0 	0.00854194 	0.000851514 	2
988.0 	0.00838414 	0.000338381 	3
989.0 	0.00853131 	0.000848462 	2
990.0 	0.00837632 	0.000336712 	3
991.0 	0.00853127 	0.00084554 	2
992.0 	0.00836592 	0.000834565 	2
993.0 	0.00818602 	0.000329398 	3
994.0 	0.00836544 	0.000828302 	2
995.0 	0.00826884 	0.000823295 	2
996.0 	0.00811259 	0.000810693 	2
997.0 	0.00799826 	0.000321175 	3
998.0 	0.00828722 	0.000817801 	2
999.0 	0.00821009 	0.000813729 	2
1000.0 	0.00807083 	0.000802221 	2
1001.0 	0.00796637 	0.000793574 	2
1002.0 	0.00791549 	0.000788625 	2
1003.0 	0.00788146 	0.00078498 	2
1004.0 	0.0078452 	0.000780658 	2
1005.0 	0.00782298 	0.000778279 	2
1006.0 	0.00781519 	0.000776088 	2
1007.0 	0.0078123 	0.000774931 	2
1008.0 	0.0078094 	0.000773226 	2
1009.0 	0.00780906 	0.000772263 	2
1010.0 	0.00780671 	0.000770568 	2
1011.0 	0.00782238 	0.000770946 	2
1012.0 	0.00780941 	0.000768205 	2
1013.0 	0.00779763 	0.000766027 	2
1014.0 	0.00778257 	0.00076309 	2
1015.0 	0.00776818 	0.000760744 	2
1016.0 	0.00774252 	0.00075707 	2
1017.0 	0.00772748 	0.000754558 	2
1018.0 	0.00771984 	0.000752313 	2
1019.0 	0.00770614 	0.000750076 	2
1020.0 	0.0076931 	0.000747373 	2
1021.0 	0.00768093 	0.000745278 	2
1022.0 	0.00767092 	0.000742858 	2
1023.0 	0.00766198 	0.000741037 	2
1024.0 	0.00765343 	0.000738735 	2
1025.0 	0.00764619 	0.000737041 	2
1026.0 	0.00763855 	0.000734838 	2
1027.0 	0.0076317 	0.000733214 	2
1028.0 	0.00762349 	0.000730968 	2
1029.0 	0.00761557 	0.000729276 	2
1030.0 	0.00760583 	0.0007269 	2
1031.0 	0.00759594 	0.000725022 	2
1032.0 	0.00758491 	0.000722589 	2
1033.0 	0.00757371 	0.000720647 	2
1034.0 	0.00756251 	0.000718238 	2
1035.0 	0.00755055 	0.000716267 	2
1036.0 	0.0075393 	0.000713867 	2
1037.0 	0.00752728 	0.000711877 	2
1038.0 	0.00751616 	0.00070948 	2
1039.0 	0.00750477 	0.000707574 	2
1040.0 	0.00749421 	0.000705262 	2
1041.0 	0.00748328 	0.000703382 	2
1042.0 	0.00747264 	0.00070108 	2
1043.0 	0.00746213 	0.000699268 	2
1044.0 	0.00745182 	0.000697026 	2
1045.0 	0.00744202 	0.000695324 	2
1046.0 	0.00743169 	0.000693072 	2
1047.0 	0.00742128 	0.000691292 	2
1048.0 	0.00741073 	0.000689007 	2
1049.0 	0.00739991 	0.000687182 	2
1050.0 	0.00738967 	0.00068495 	2
1051.0 	0.00737906 	0.000683153 	2
1052.0 	0.0073688 	0.000680923 	2
1053.0 	0.00735862 	0.000679175 	2
1054.0 	0.00734856 	0.000676973 	2
1055.0 	0.00733895 	0.00067529 	2
1056.0 	0.00732936 	0.000673137 	2
1057.0 	0.00731985 	0.000671471 	2
1058.0 	0.00731046 	0.000669331 	2
1059.0 	0.00730121 	0.00066771 	2
1060.0 	0.00729188 	0.000665603 	2
1061.0 	0.00728273 	0.000663999 	2
1062.0 	0.00727323 	0.00066189 	2
1063.0 	0.0072634 	0.000660244 	2
1064.0 	0.00725361 	0.000658141 	2
1065.0 	0.0072433 	0.000656452 	2
1066.0 	0.00723311 	0.00065431 	2
1067.0 	0.00722234 	0.000652567 	2
1068.0 	0.0072123 	0.000650439 	2
1069.0 	0.00720209 	0.000648801 	2
1070.0 	0.00719259 	0.000646738 	2
1071.0 	0.007183 	0.000645151 	2
1072.0 	0.00717371 	0.000643125 	2
1073.0 	0.00716436 	0.000641553 	2
1074.0 	0.00715545 	0.000639582 	2
1075.0 	0.00714653 	0.0006381 	2
1076.0 	0.00713749 	0.000636136 	2
1077.0 	0.00712805 	0.000634618 	2
1078.0 	0.00711877 	0.000632618 	2
1079.0 	0.00710856 	0.000630998 	2
1080.0 	0.00709892 	0.000628987 	2
1081.0 	0.00708903 	0.000627396 	2
1082.0 	0.00707947 	0.000625389 	2
1083.0 	0.0070696 	0.000623827 	2
1084.0 	0.00706018 	0.000621838 	2
1085.0 	0.00705068 	0.000620313 	2
1086.0 	0.00704141 	0.000618351 	2
1087.0 	0.00703225 	0.000616873 	2
1088.0 	0.00702362 	0.000615005 	2
1089.0 	0.00701469 	0.000613559 	2
1090.0 	0.00700592 	0.000611697 	2
1091.0 	0.00699697 	0.00061026 	2
1092.0 	0.00698817 	0.000608422 	2
1093.0 	0.00697887 	0.000607004 	2
1094.0 	0.00696991 	0.000605168 	2
1095.0 	0.00695952 	0.000603663 	2
1096.0 	0.00695012 	0.000601811 	2
1097.0 	0.00693884 	0.000600225 	2
1098.0 	0.0069298 	0.000598418 	2
1099.0 	0.00691841 	0.000596836 	2
1100.0 	0.00690939 	0.000595009 	2
1101.0 	0.00689829 	0.000593449 	2
1102.0 	0.00688953 	0.000591638 	2
1103.0 	0.00687934 	0.000590144 	2
1104.0 	0.00687091 	0.000588407 	2
1105.0 	0.00686203 	0.000587035 	2
1106.0 	0.00685385 	0.00058531 	2
1107.0 	0.00684521 	0.000583979 	2
1108.0 	0.00683704 	0.000582246 	2
1109.0 	0.0068288 	0.000580966 	2
1110.0 	0.00682089 	0.000579257 	2
1111.0 	0.00681222 	0.000577894 	2
1112.0 	0.00680395 	0.000576165 	2
1113.0 	0.00679584 	0.00057486 	2
1114.0 	0.00678794 	0.000573157 	2
1115.0 	0.00677999 	0.000571891 	2
1116.0 	0.00677227 	0.000570229 	2
1117.0 	0.00676457 	0.000569 	2
1118.0 	0.00675691 	0.00056734 	2
1119.0 	0.00674926 	0.000566122 	2
1120.0 	0.00674135 	0.000564457 	2
1121.0 	0.0067334 	0.000563195 	2
1122.0 	0.00672558 	0.000561575 	2
1123.0 	0.00671761 	0.000560338 	2
1124.0 	0.00670954 	0.000558702 	2
1125.0 	0.00670133 	0.000557507 	2
1126.0 	0.00669334 	0.000555881 	2
1127.0 	0.0066842 	0.000554604 	2
1128.0 	0.0066759 	0.000553004 	2
1129.0 	0.00666663 	0.00055174 	2
1130.0 	0.00665857 	0.000550184 	2
1131.0 	0.00664807 	0.000548849 	2
1132.0 	0.00664015 	0.000547325 	2
1133.0 	0.0066287 	0.000545901 	2
1134.0 	0.00661857 	0.00054415 	2
1135.0 	0.00660926 	0.000542919 	2
1136.0 	0.00659781 	0.00054112 	2
1137.0 	0.00658956 	0.00053997 	2
1138.0 	0.00657981 	0.000538298 	2
1139.0 	0.00657302 	0.000537262 	2
1140.0 	0.00656411 	0.000535652 	2
1141.0 	0.00655758 	0.000534639 	2
1142.0 	0.00654867 	0.000533032 	2
1143.0 	0.00654211 	0.000532006 	2
1144.0 	0.00653331 	0.000530414 	2
1145.0 	0.00652695 	0.000529391 	2
1146.0 	0.00651842 	0.00052783 	2
1147.0 	0.00651234 	0.000526842 	2
1148.0 	0.00650366 	0.000525263 	2
1149.0 	0.00649778 	0.000524327 	2
1150.0 	0.0064892 	0.000522758 	2
1151.0 	0.00648307 	0.000521756 	2
1152.0 	0.00647488 	0.000520255 	2
1153.0 	0.00646901 	0.000519298 	2
1154.0 	0.00646072 	0.000517777 	2
1155.0 	0.00645505 	0.000516867 	2
1156.0 	0.00644676 	0.000515356 	2
1157.0 	0.00644088 	0.000514437 	2
1158.0 	0.00643247 	0.000512942 	2
1159.0 	0.00642628 	0.000511993 	2
1160.0 	0.00641763 	0.000510497 	2
1161.0 	0.00641122 	0.00050956 	2
1162.0 	0.00640226 	0.000508042 	2
1163.0 	0.00639565 	0.000507084 	2
1164.0 	0.00638676 	0.000505601 	2
1165.0 	0.00638033 	0.000504697 	2
1166.0 	0.00637114 	0.000503197 	2
1167.0 	0.00636411 	0.000502237 	2
1168.0 	0.00635476 	0.00050073 	2
1169.0 	0.00634799 	0.000499776 	2
1170.0 	0.00633921 	0.000498326 	2
1171.0 	0.00633283 	0.000497416 	2
1172.0 	0.00632443 	0.000495977 	2
1173.0 	0.00631866 	0.00049514 	2
1174.0 	0.00631024 	0.000493725 	2
1175.0 	0.00630402 	0.000492828 	2
1176.0 	0.00629524 	0.000491407 	2
1177.0 	0.00628833 	0.000490459 	2
1178.0 	0.00627949 	0.000489012 	2
1179.0 	0.00627335 	0.000488168 	2
1180.0 	0.00626495 	0.000486777 	2
1181.0 	0.00625903 	0.000485939 	2
1182.0 	0.00625105 	0.000484597 	2
1183.0 	0.00624538 	0.000483773 	2
1184.0 	0.00623779 	0.000482454 	2
1185.0 	0.00623239 	0.000481664 	2
1186.0 	0.0062247 	0.000480343 	2
1187.0 	0.0062192 	0.00047954 	2
1188.0 	0.0062114 	0.000478217 	2
1189.0 	0.0062058 	0.000477437 	2
1190.0 	0.00619764 	0.000476085 	2
1191.0 	0.00619167 	0.000475268 	2
1192.0 	0.00618349 	0.000473951 	2
1193.0 	0.00617759 	0.00047314 	2
1194.0 	0.00616944 	0.000471842 	2
1195.0 	0.00616347 	0.000471042 	2
1196.0 	0.00615525 	0.000469727 	2
1197.0 	0.00614959 	0.000468991 	2
1198.0 	0.00614129 	0.000467678 	2
1199.0 	0.00613537 	0.000466908 	2
1200.0 	0.00612718 	0.000465641 	2
1201.0 	0.00612077 	0.000464816 	2
1202.0 	0.00611259 	0.000463536 	2
1203.0 	0.0061068 	0.000462778 	2
1204.0 	0.00609908 	0.000461529 	2
1205.0 	0.00609364 	0.0004608 	2
1206.0 	0.00608602 	0.000459573 	2
1207.0 	0.00608062 	0.000458836 	2
1208.0 	0.00607342 	0.000457635 	2
1209.0 	0.00606869 	0.000456958 	2
1210.0 	0.00606173 	0.000455783 	2
1211.0 	0.00605681 	0.000455083 	2
1212.0 	0.00604971 	0.000453918 	2
1213.0 	0.00604457 	0.000453221 	2
1214.0 	0.00603723 	0.000452018 	2
1215.0 	0.00603236 	0.000451351 	2
1216.0 	0.00602541 	0.000450201 	2
1217.0 	0.00602055 	0.000449522 	2
1218.0 	0.00601369 	0.000448385 	2
1219.0 	0.00600888 	0.000447721 	2
1220.0 	0.00600177 	0.000446562 	2
1221.0 	0.00599682 	0.000445906 	2
1222.0 	0.00598961 	0.00044474 	2
1223.0 	0.00598449 	0.000444047 	2
1224.0 	0.00597758 	0.000442939 	2
1225.0 	0.00597263 	0.000442281 	2
1226.0 	0.00596561 	0.000441158 	2
1227.0 	0.00596058 	0.000440527 	2
1228.0 	0.00595305 	0.000439377 	2
1229.0 	0.00594762 	0.000438712 	2
1230.0 	0.00594001 	0.000437595 	2
1231.0 	0.00593411 	0.000436905 	2
1232.0 	0.00592646 	0.000435786 	2
1233.0 	0.00592084 	0.000435127 	2
1234.0 	0.0059132 	0.000434001 	2
1235.0 	0.00590787 	0.000433362 	2
1236.0 	0.00590054 	0.000432291 	2
1237.0 	0.00589507 	0.000431655 	2
1238.0 	0.00588768 	0.000430558 	2
1239.0 	0.00588274 	0.000429979 	2
1240.0 	0.00587542 	0.000428917 	2
1241.0 	0.00586973 	0.000428245 	2
1242.0 	0.00586242 	0.000427179 	2
1243.0 	0.00585714 	0.000426536 	2
1244.0 	0.00585017 	0.000425483 	2
1245.0 	0.00584549 	0.000424925 	2
1246.0 	0.00583875 	0.000423886 	2
1247.0 	0.00583418 	0.000423302 	2
1248.0 	0.00582789 	0.000422315 	2
1249.0 	0.00582408 	0.000421812 	2
1250.0 	0.0058181 	0.000420848 	2
1251.0 	0.0058139 	0.000420322 	2
1252.0 	0.00580737 	0.000419312 	2
1253.0 	0.00580277 	0.00041873 	2
1254.0 	0.00579628 	0.000417743 	2
1255.0 	0.00579198 	0.000417201 	2
1256.0 	0.00578566 	0.000416217 	2
1257.0 	0.00578141 	0.000415682 	2
1258.0 	0.00577528 	0.000414711 	2
1259.0 	0.00577136 	0.000414198 	2
1260.0 	0.00576523 	0.00041326 	2
1261.0 	0.00576104 	0.000412738 	2
1262.0 	0.0057551 	0.000411802 	2
1263.0 	0.00575132 	0.000411323 	2
1264.0 	0.00574548 	0.000410399 	2
1265.0 	0.00574165 	0.000409919 	2
1266.0 	0.00573581 	0.00040903 	2
1267.0 	0.00573153 	0.000408518 	2
1268.0 	0.00572504 	0.000407563 	2
1269.0 	0.00572055 	0.000407078 	2
1270.0 	0.00571351 	0.000406104 	2
1271.0 	0.00570793 	0.000405511 	2
1272.0 	0.00570055 	0.000404537 	2
1273.0 	0.00569513 	0.00040396 	2
1274.0 	0.00568791 	0.000402999 	2
1275.0 	0.00568302 	0.000402505 	2
1276.0 	0.00567616 	0.000401569 	2
1277.0 	0.00567143 	0.000401061 	2
1278.0 	0.00566515 	0.000400172 	2
1279.0 	0.00566113 	0.000399714 	2
1280.0 	0.0056553 	0.000398847 	2
1281.0 	0.00565166 	0.000398409 	2
1282.0 	0.00564613 	0.000397568 	2
1283.0 	0.00564233 	0.000397126 	2
1284.0 	0.00563635 	0.000396268 	2
1285.0 	0.00563194 	0.000395786 	2
1286.0 	0.00562553 	0.000394893 	2
1287.0 	0.0056212 	0.000394443 	2
1288.0 	0.0056059 	0.00039308 	2
1289.0 	0.00560394 	0.000392633 	2
1290.0 	0.00560154 	0.000392003 	2
1291.0 	0.00560005 	0.00039175 	2
1292.0 	0.00559652 	0.000391087 	2
1293.0 	0.00559266 	0.000390666 	2
1294.0 	0.00558891 	0.00038995 	2
1295.0 	0.00558543 	0.00038953 	2
1296.0 	0.00558176 	0.000388852 	2
1297.0 	0.00557758 	0.000388396 	2
1298.0 	0.00557316 	0.000387657 	2
1299.0 	0.00556816 	0.000387172 	2
1300.0 	0.00556351 	0.000386422 	2
1301.0 	0.00555741 	0.00038585 	2
1302.0 	0.00555257 	0.000385118 	2
1303.0 	0.00554634 	0.000384525 	2
1304.0 	0.0055413 	0.000383778 	2
1305.0 	0.00553549 	0.000383256 	2
1306.0 	0.00553108 	0.000382553 	2
1307.0 	0.00552517 	0.00038201 	2
1308.0 	0.00552081 	0.000381318 	2
1309.0 	0.0055154 	0.000380827 	2
1310.0 	0.00551118 	0.000380152 	2
1311.0 	0.00550622 	0.000379701 	2
1312.0 	0.00550209 	0.000379035 	2
1313.0 	0.00549697 	0.000378552 	2
1314.0 	0.00549275 	0.000377901 	2
1315.0 	0.00548785 	0.00037744 	2
1316.0 	0.00548387 	0.000376788 	2
1317.0 	0.00547877 	0.000376339 	2
1318.0 	0.00547477 	0.000375675 	2
1319.0 	0.00546969 	0.000375208 	2
1320.0 	0.00546537 	0.000374544 	2
1321.0 	0.00546007 	0.000374056 	2
1322.0 	0.00545571 	0.000373397 	2
1323.0 	0.00545069 	0.000372951 	2
1324.0 	0.00544634 	0.00037229 	2
1325.0 	0.00544127 	0.000371841 	2
1326.0 	0.00543709 	0.000371204 	2
1327.0 	0.00543204 	0.000370751 	2
1328.0 	0.00542809 	0.000370118 	2
1329.0 	0.00542342 	0.000369707 	2
1330.0 	0.00541951 	0.000369086 	2
1331.0 	0.00541528 	0.000368694 	2
1332.0 	0.00541149 	0.000368094 	2
1333.0 	0.00540745 	0.000367731 	2
1334.0 	0.00540386 	0.000367152 	2
1335.0 	0.00539974 	0.000366782 	2
1336.0 	0.00539587 	0.000366174 	2
1337.0 	0.00539154 	0.000365779 	2
1338.0 	0.00538756 	0.00036517 	2
1339.0 	0.00538321 	0.000364795 	2
1340.0 	0.00537933 	0.00036419 	2
1341.0 	0.00537489 	0.000363819 	2
1342.0 	0.00537105 	0.00036322 	2
1343.0 	0.0053665 	0.00036282 	2
1344.0 	0.00536255 	0.000362235 	2
1345.0 	0.00535793 	0.000361829 	2
1346.0 	0.00535398 	0.00036124 	2
1347.0 	0.00534947 	0.000360869 	2
1348.0 	0.00534543 	0.000360261 	2
1349.0 	0.00534105 	0.0003599 	2
1350.0 	0.00533736 	0.000359334 	2
1351.0 	0.00533303 	0.000358961 	2
1352.0 	0.00532928 	0.000358402 	2
1353.0 	0.00532513 	0.000358045 	2
1354.0 	0.00532118 	0.000357467 	2
1355.0 	0.00531714 	0.000357134 	2
1356.0 	0.00531356 	0.000356595 	2
1357.0 	0.00530913 	0.000356228 	2
1358.0 	0.00530534 	0.000355668 	2
1359.0 	0.0053012 	0.00035534 	2
1360.0 	0.0052975 	0.000354799 	2
1361.0 	0.00529346 	0.000354465 	2
1362.0 	0.00528978 	0.000353929 	2
1363.0 	0.00528558 	0.000353577 	2
1364.0 	0.00528206 	0.000353054 	2
1365.0 	0.00527841 	0.000352774 	2
1366.0 	0.00527505 	0.000352251 	2
1367.0 	0.005271 	0.000351918 	2
1368.0 	0.00526732 	0.000351379 	2
1369.0 	0.00526347 	0.00035107 	2
1370.0 	0.00525987 	0.000350532 	2
1371.0 	0.00525597 	0.000350227 	2
1372.0 	0.0052525 	0.000349711 	2
1373.0 	0.00524848 	0.000349388 	2
1374.0 	0.00524496 	0.000348887 	2
1375.0 	0.00524106 	0.000348564 	2
1376.0 	0.00523749 	0.000348049 	2
1377.0 	0.00523383 	0.000347763 	2
1378.0 	0.00523032 	0.000347244 	2
1379.0 	0.00522686 	0.00034698 	2
1380.0 	0.00522356 	0.000346496 	2
1381.0 	0.00522024 	0.000346243 	2
1382.0 	0.00521691 	0.000345751 	2
1383.0 	0.00521334 	0.000345483 	2
1384.0 	0.00520992 	0.000345001 	2
1385.0 	0.00520622 	0.000344725 	2
1386.0 	0.00520268 	0.000344244 	2
1387.0 	0.00519868 	0.000343955 	2
1388.0 	0.00519516 	0.000343469 	2
1389.0 	0.00519112 	0.000343202 	2
1390.0 	0.00518774 	0.000342739 	2
1391.0 	0.00518348 	0.000342433 	2
1392.0 	0.00517983 	0.000341957 	2
1393.0 	0.00517541 	0.000341633 	2
1394.0 	0.00517172 	0.000341154 	2
1395.0 	0.00516766 	0.000340878 	2
1396.0 	0.00516439 	0.00034043 	2
1397.0 	0.00516032 	0.000340153 	2
1398.0 	0.00515703 	0.000339702 	2
1399.0 	0.00515316 	0.00033943 	2
1400.0 	0.00514968 	0.000338969 	2
1401.0 	0.00514577 	0.000338688 	2
1402.0 	0.00514238 	0.000338225 	2
1403.0 	0.00513882 	0.000337957 	2
1404.0 	0.00513572 	0.000337518 	2
1405.0 	0.00513272 	0.000337293 	2
1406.0 	0.00512999 	0.000336867 	2
1407.0 	0.00512746 	0.000336684 	2
1408.0 	0.00512494 	0.000336272 	2
1409.0 	0.00512281 	0.00033612 	2
1410.0 	0.00512055 	0.000335739 	2
1411.0 	0.00511842 	0.000335581 	2
1412.0 	0.00511596 	0.000335177 	2
1413.0 	0.00511356 	0.000335011 	2
1414.0 	0.00511101 	0.000334621 	2
1415.0 	0.00510837 	0.000334433 	2
1416.0 	0.00510549 	0.000334029 	2
1417.0 	0.00510264 	0.000333838 	2
1418.0 	0.00509968 	0.000333421 	2
1419.0 	0.00509648 	0.000333215 	2
1420.0 	0.0050934 	0.000332802 	2
1421.0 	0.00509026 	0.000332606 	2
1422.0 	0.00508719 	0.000332194 	2
1423.0 	0.00508382 	0.000331969 	2
1424.0 	0.00508063 	0.000331558 	2
1425.0 	0.00507735 	0.000331357 	2
1426.0 	0.00507415 	0.000330958 	2
1427.0 	0.00507077 	0.000330761 	2
1428.0 	0.00506752 	0.000330353 	2
1429.0 	0.00506366 	0.000330121 	2
1430.0 	0.00506035 	0.000329718 	2
1431.0 	0.00505645 	0.000329477 	2
1432.0 	0.00505301 	0.000329065 	2
1433.0 	0.00504921 	0.000328823 	2
1434.0 	0.00504597 	0.000328429 	2
1435.0 	0.00504249 	0.000328219 	2
1436.0 	0.00503953 	0.000327834 	2
1437.0 	0.00503626 	0.00032765 	2
1438.0 	0.00503337 	0.000327267 	2
1439.0 	0.0050303 	0.00032709 	2
1440.0 	0.0050277 	0.00032675 	2
1441.0 	0.00502494 	0.000326597 	2
1442.0 	0.00502212 	0.000326229 	2
1443.0 	0.00501914 	0.000326064 	2
1444.0 	0.00501651 	0.000325718 	2
1445.0 	0.00501369 	0.000325555 	2
1446.0 	0.00501106 	0.000325207 	2
1447.0 	0.00500858 	0.000325075 	2
1448.0 	0.00500625 	0.000324737 	2
1449.0 	0.00500379 	0.000324609 	2
1450.0 	0.00500148 	0.000324275 	2
1451.0 	0.00499917 	0.000324154 	2
1452.0 	0.00499703 	0.000323837 	2
1453.0 	0.00499451 	0.000323687 	2
1454.0 	0.00499212 	0.000323358 	2
1455.0 	0.00498988 	0.000323232 	2
1456.0 	0.00498752 	0.000322906 	2
1457.0 	0.00498533 	0.000322784 	2
1458.0 	0.00498304 	0.000322452 	2
1459.0 	0.00498096 	0.00032235 	2
1460.0 	0.00497882 	0.000322038 	2
1461.0 	0.00497678 	0.000321944 	2
1462.0 	0.00497447 	0.000321624 	2
1463.0 	0.0049722 	0.0003215 	2
1464.0 	0.00496979 	0.000321191 	2
1465.0 	0.00496732 	0.000321056 	2
1466.0 	0.00496485 	0.00032074 	2
1467.0 	0.00496245 	0.000320634 	2
1468.0 	0.00496004 	0.000320322 	2
1469.0 	0.00495753 	0.000320206 	2
1470.0 	0.00495509 	0.000319904 	2
1471.0 	0.00495246 	0.00031978 	2
1472.0 	0.00494974 	0.000319459 	2
1473.0 	0.00494682 	0.000319314 	2
1474.0 	0.00494407 	0.000318992 	2
1475.0 	0.00494107 	0.000318841 	2
1476.0 	0.00493837 	0.00031853 	2
1477.0 	0.00493553 	0.000318401 	2
1478.0 	0.00493277 	0.000318079 	2
1479.0 	0.00493001 	0.000317963 	2
1480.0 	0.00492744 	0.000317665 	2
1481.0 	0.00492466 	0.000317539 	2
1482.0 	0.0049221 	0.000317239 	2
1483.0 	0.00491936 	0.000317114 	2
1484.0 	0.00491684 	0.000316805 	2
1485.0 	0.00491434 	0.000316701 	2
1486.0 	0.00491197 	0.00031641 	2
1487.0 	0.00490966 	0.000316322 	2
1488.0 	0.00490752 	0.000316058 	2
1489.0 	0.00490528 	0.000315968 	2
1490.0 	0.00490304 	0.00031569 	2
1491.0 	0.00490082 	0.000315613 	2
1492.0 	0.00489869 	0.000315343 	2
1493.0 	0.00489632 	0.000315244 	2
1494.0 	0.00489412 	0.000314979 	2
1495.0 	0.00489196 	0.000314896 	2
1496.0 	0.00488992 	0.000314631 	2
1497.0 	0.00488792 	0.000314564 	2
1498.0 	0.0048861 	0.000314311 	2
1499.0 	0.00488445 	0.000314274 	2
1500.0 	0.00488281 	0.000314046 	2
1501.0 	0.00488116 	0.000314004 	2
1502.0 	0.00487941 	0.00031377 	2
1503.0 	0.00487762 	0.000313711 	2
1504.0 	0.00487573 	0.000313466 	2
1505.0 	0.00487374 	0.000313396 	2
1506.0 	0.00487161 	0.000313145 	2
1507.0 	0.00486948 	0.000313081 	2
1508.0 	0.00486725 	0.00031281 	2
1509.0 	0.00486496 	0.000312744 	2
1510.0 	0.0048628 	0.000312488 	2
1511.0 	0.00486046 	0.000312403 	2
1512.0 	0.00485829 	0.000312154 	2
1513.0 	0.00485625 	0.000312084 	2
1514.0 	0.00485415 	0.000311831 	2
1515.0 	0.00485243 	0.000311787 	2
1516.0 	0.00485066 	0.000311557 	2
1517.0 	0.00484903 	0.000311525 	2
1518.0 	0.00484734 	0.000311303 	2
1519.0 	0.00484581 	0.000311285 	2
1520.0 	0.00484413 	0.000311064 	2
1521.0 	0.00484244 	0.000311035 	2
1522.0 	0.0048405 	0.000310805 	2
1523.0 	0.00483863 	0.000310754 	2
1524.0 	0.00483655 	0.000310522 	2
1525.0 	0.00483448 	0.000310472 	2
1526.0 	0.00483237 	0.000310236 	2
1527.0 	0.00483028 	0.000310186 	2
1528.0 	0.00482817 	0.000309945 	2
1529.0 	0.00482616 	0.000309897 	2
1530.0 	0.00482422 	0.00030968 	2
1531.0 	0.0048224 	0.000309644 	2
1532.0 	0.00482046 	0.000309417 	2
1533.0 	0.00481869 	0.0003094 	2
1534.0 	0.0048169 	0.000309197 	2
1535.0 	0.00481513 	0.000309161 	2
1536.0 	0.00481326 	0.000308956 	2
1537.0 	0.00481135 	0.000308924 	2
1538.0 	0.00480942 	0.0003087 	2
1539.0 	0.00480748 	0.00030867 	2
1540.0 	0.00480548 	0.000308454 	2
1541.0 	0.00480352 	0.000308413 	2
1542.0 	0.00480149 	0.000308199 	2
1543.0 	0.00479955 	0.000308165 	2
1544.0 	0.00479757 	0.000307947 	2
1545.0 	0.0047957 	0.000307918 	2
1546.0 	0.0047937 	0.000307705 	2
1547.0 	0.00479193 	0.000307682 	2
1548.0 	0.0047901 	0.000307487 	2
1549.0 	0.00478842 	0.00030748 	2
1550.0 	0.00478663 	0.000307276 	2
1551.0 	0.00478485 	0.000307258 	2
1552.0 	0.00478301 	0.000307064 	2
1553.0 	0.00478133 	0.000307046 	2
1554.0 	0.00477965 	0.000306853 	2
1555.0 	0.00477809 	0.000306856 	2
1556.0 	0.00477667 	0.000306679 	2
1557.0 	0.00477539 	0.000306711 	2
1558.0 	0.00477402 	0.000306542 	2
1559.0 	0.00477269 	0.000306554 	2
1560.0 	0.00477129 	0.000306395 	2
1561.0 	0.00476978 	0.000306398 	2
1562.0 	0.00476823 	0.000306222 	2
1563.0 	0.00476667 	0.000306221 	2
1564.0 	0.004765 	0.000306038 	2
1565.0 	0.0047634 	0.000306033 	2
1566.0 	0.00476186 	0.00030586 	2
1567.0 	0.0047604 	0.000305866 	2
1568.0 	0.00475893 	0.000305695 	2
1569.0 	0.0047576 	0.000305715 	2
1570.0 	0.00475617 	0.000305545 	2
1571.0 	0.00475467 	0.000305534 	2
1572.0 	0.0047532 	0.000305366 	2
1573.0 	0.00475194 	0.000305384 	2
1574.0 	0.00475056 	0.000305208 	2
1575.0 	0.00474939 	0.000305232 	2
1576.0 	0.00474815 	0.000305091 	2
1577.0 	0.00474714 	0.000305138 	2
1578.0 	0.00474593 	0.000304992 	2
1579.0 	0.00474461 	0.000305016 	2
1580.0 	0.00474319 	0.00030486 	2
1581.0 	0.0047419 	0.000304887 	2
1582.0 	0.00474044 	0.000304729 	2
1583.0 	0.00473896 	0.000304739 	2
1584.0 	0.00473748 	0.000304587 	2
1585.0 	0.00473602 	0.000304606 	2
1586.0 	0.00473456 	0.000304456 	2
1587.0 	0.00473302 	0.000304472 	2
1588.0 	0.00473152 	0.000304309 	2
1589.0 	0.00473 	0.000304331 	2
1590.0 	0.00472852 	0.000304182 	2
1591.0 	0.00472698 	0.000304196 	2
1592.0 	0.00472538 	0.000304033 	2
1593.0 	0.00472391 	0.000304058 	2
1594.0 	0.00472234 	0.000303903 	2
1595.0 	0.00472098 	0.000303931 	2
1596.0 	0.00471957 	0.000303786 	2
1597.0 	0.00471808 	0.000303803 	2
1598.0 	0.00471664 	0.000303654 	2
1599.0 	0.00471542 	0.000303696 	2
1600.0 	0.00471403 	0.000303556 	2
1601.0 	0.00471267 	0.000303591 	2
1602.0 	0.00471128 	0.000303451 	2
1603.0 	0.00470972 	0.000303466 	2
1604.0 	0.00470808 	0.00030331 	2
1605.0 	0.00470669 	0.000303352 	2
1606.0 	0.00470525 	0.000303209 	2
1607.0 	0.0047037 	0.000303227 	2
1608.0 	0.00470225 	0.000303098 	2
1609.0 	0.00470091 	0.000303136 	2
1610.0 	0.00469949 	0.000302995 	2
1611.0 	0.00469816 	0.000303035 	2
1612.0 	0.00469692 	0.000302907 	2
1613.0 	0.00469571 	0.000302962 	2
1614.0 	0.00469473 	0.000302855 	2
1615.0 	0.00469369 	0.000302913 	2
1616.0 	0.00469274 	0.000302811 	2
1617.0 	0.00469178 	0.000302882 	2
1618.0 	0.00469084 	0.000302781 	2
1619.0 	0.00468979 	0.000302837 	2
1620.0 	0.00468862 	0.00030272 	2
1621.0 	0.00468748 	0.000302767 	2
1622.0 	0.00468627 	0.000302652 	2
1623.0 	0.00468508 	0.000302699 	2
1624.0 	0.00468381 	0.00030257 	2
1625.0 	0.00468253 	0.000302608 	2
1626.0 	0.00468128 	0.000302484 	2
1627.0 	0.0046802 	0.000302538 	2
1628.0 	0.00467911 	0.000302423 	2
1629.0 	0.00467828 	0.000302495 	2
1630.0 	0.00467734 	0.000302385 	2
1631.0 	0.00467676 	0.000302467 	2
1632.0 	0.0046761 	0.000302393 	2
1633.0 	0.00467568 	0.000302489 	2
1634.0 	0.00467501 	0.00030241 	2
1635.0 	0.00467444 	0.000302501 	2
1636.0 	0.00467363 	0.000302414 	2
1637.0 	0.0046728 	0.000302486 	2
1638.0 	0.00467163 	0.000302378 	2
1639.0 	0.00467054 	0.00030244 	2
1640.0 	0.00466923 	0.00030232 	2
1641.0 	0.0046679 	0.00030237 	2
1642.0 	0.0046665 	0.000302244 	2
1643.0 	0.00466517 	0.000302298 	2
1644.0 	0.00466388 	0.000302194 	2
1645.0 	0.00466265 	0.000302253 	2
1646.0 	0.00466147 	0.00030215 	2
1647.0 	0.00466033 	0.000302215 	2
1648.0 	0.00465917 	0.000302109 	2
1649.0 	0.0046582 	0.000302186 	2
1650.0 	0.00465727 	0.000302098 	2
1651.0 	0.00465632 	0.000302172 	2
1652.0 	0.0046554 	0.000302084 	2
1653.0 	0.00465468 	0.000302184 	2
1654.0 	0.00465381 	0.000302106 	2
1655.0 	0.00465298 	0.000302192 	2
1656.0 	0.00465197 	0.000302096 	2
1657.0 	0.00465084 	0.000302159 	2
1658.0 	0.0046497 	0.000302069 	2
1659.0 	0.00464853 	0.000302132 	2
1660.0 	0.00464711 	0.000302009 	2
1661.0 	0.00464578 	0.000302066 	2
1662.0 	0.00464428 	0.000301941 	2
1663.0 	0.00464293 	0.000301998 	2
1664.0 	0.00464164 	0.000301893 	2
1665.0 	0.00464034 	0.000301949 	2
1666.0 	0.00463912 	0.000301853 	2
1667.0 	0.0046382 	0.000301934 	2
1668.0 	0.00463722 	0.000301849 	2
1669.0 	0.00463652 	0.000301953 	2
1670.0 	0.00463579 	0.000301886 	2
1671.0 	0.00463536 	0.000302005 	2
1672.0 	0.00463476 	0.000301948 	2
1673.0 	0.00463435 	0.000302069 	2
1674.0 	0.00463381 	0.000302021 	2
1675.0 	0.00463332 	0.000302137 	2
1676.0 	0.00463264 	0.000302072 	2
1677.0 	0.00463215 	0.000302189 	2
1678.0 	0.00463141 	0.000302131 	2
1679.0 	0.0046307 	0.000302226 	2
1680.0 	0.00462979 	0.000302153 	2
1681.0 	0.00462875 	0.000302221 	2
1682.0 	0.00462774 	0.000302126 	2
1683.0 	0.00462693 	0.000302215 	2
1684.0 	0.00462611 	0.000302135 	2
1685.0 	0.00462552 	0.000302232 	2
1686.0 	0.00462483 	0.000302169 	2
1687.0 	0.00462442 	0.000302276 	2
1688.0 	0.00462388 	0.000302219 	2
1689.0 	0.00462353 	0.000302334 	2
1690.0 	0.00462303 	0.000302288 	2
1691.0 	0.00462279 	0.00030241 	2
1692.0 	0.00462221 	0.000302361 	2
1693.0 	0.00462174 	0.000302477 	2
1694.0 	0.004621 	0.000302421 	2
1695.0 	0.00462039 	0.000302539 	2
1696.0 	0.0046195 	0.000302471 	2
1697.0 	0.00461845 	0.000302554 	2
1698.0 	0.00461737 	0.000302481 	2
1699.0 	0.00461626 	0.000302554 	2
1700.0 	0.00461512 	0.000302475 	2
1701.0 	0.00461425 	0.000302579 	2
1702.0 	0.00461333 	0.000302516 	2
1703.0 	0.00461247 	0.00030262 	2
1704.0 	0.00461157 	0.000302558 	2
1705.0 	0.00461057 	0.000302643 	2
1706.0 	0.0046097 	0.000302584 	2
1707.0 	0.00460874 	0.000302685 	2
1708.0 	0.00460786 	0.000302622 	2
1709.0 	0.00460674 	0.0003027 	2
1710.0 	0.0046057 	0.000302636 	2
1711.0 	0.00460465 	0.000302723 	2
1712.0 	0.00460368 	0.000302653 	2
1713.0 	0.00460257 	0.000302745 	2
1714.0 	0.00460162 	0.000302679 	2
1715.0 	0.00460062 	0.000302761 	2
1716.0 	0.00459972 	0.000302702 	2
1717.0 	0.00459883 	0.000302798 	2
1718.0 	0.00459811 	0.000302746 	2
1719.0 	0.00459739 	0.000302846 	2
1720.0 	0.00459669 	0.000302792 	2
1721.0 	0.00459608 	0.000302904 	2
1722.0 	0.00459562 	0.000302871 	2
1723.0 	0.00459526 	0.000303009 	2
1724.0 	0.00459479 	0.00030297 	2
1725.0 	0.0045943 	0.00030309 	2
1726.0 	0.00459374 	0.00030305 	2
1727.0 	0.00459328 	0.000303163 	2
1728.0 	0.00459273 	0.000303134 	2
1729.0 	0.00459235 	0.000303261 	2
1730.0 	0.00459182 	0.000303221 	2
1731.0 	0.00459147 	0.000303355 	2
1732.0 	0.00459104 	0.000303327 	2
1733.0 	0.00459076 	0.000303468 	2
1734.0 	0.00459036 	0.000303444 	2
1735.0 	0.0045901 	0.000303588 	2
1736.0 	0.00458973 	0.000303568 	2
1737.0 	0.00458942 	0.000303694 	2
1738.0 	0.00458893 	0.000303666 	2
1739.0 	0.0045886 	0.000303785 	2
1740.0 	0.0045881 	0.000303756 	2
1741.0 	0.00458774 	0.000303893 	2
1742.0 	0.00458718 	0.000303858 	2
1743.0 	0.00458667 	0.00030398 	2
1744.0 	0.00458597 	0.000303937 	2
1745.0 	0.00458535 	0.000304044 	2
1746.0 	0.00458463 	0.000304009 	2
1747.0 	0.00458419 	0.000304137 	2
1748.0 	0.00458354 	0.000304094 	2
1749.0 	0.00458299 	0.000304221 	2
1750.0 	0.00458238 	0.000304191 	2
1751.0 	0.00458184 	0.000304305 	2
1752.0 	0.00458112 	0.000304263 	2
1753.0 	0.00458051 	0.000304386 	2
1754.0 	0.00457986 	0.000304354 	2
1755.0 	0.00457931 	0.000304472 	2
1756.0 	0.00457862 	0.000304435 	2
1757.0 	0.00457816 	0.000304576 	2
1758.0 	0.00457761 	0.00030456 	2
1759.0 	0.00457701 	0.000304677 	2
1760.0 	0.00457614 	0.000304632 	2
1761.0 	0.00457535 	0.000304739 	2
1762.0 	0.0045744 	0.000304687 	2
1763.0 	0.00457352 	0.000304788 	2
1764.0 	0.00457277 	0.000304756 	2
1765.0 	0.00457206 	0.000304875 	2
1766.0 	0.00457132 	0.000304845 	2
1767.0 	0.00457059 	0.000304947 	2
1768.0 	0.00456982 	0.000304911 	2
1769.0 	0.00456926 	0.000305038 	2
1770.0 	0.00456869 	0.000305007 	2
1771.0 	0.00456804 	0.000305122 	2
1772.0 	0.00456735 	0.000305085 	2
1773.0 	0.00456692 	0.000305218 	2
1774.0 	0.00456629 	0.000305195 	2
1775.0 	0.00456578 	0.000305304 	2
1776.0 	0.0045652 	0.000305285 	2
1777.0 	0.00456479 	0.000305423 	2
1778.0 	0.00456439 	0.000305412 	2
1779.0 	0.00456397 	0.000305544 	2
1780.0 	0.00456349 	0.000305516 	2
1781.0 	0.00456313 	0.000305657 	2
1782.0 	0.00456269 	0.000305642 	2
1783.0 	0.0045623 	0.000305769 	2
1784.0 	0.00456178 	0.000305751 	2
1785.0 	0.00456144 	0.000305888 	2
1786.0 	0.00456104 	0.000305878 	2
1787.0 	0.00456071 	0.000306007 	2
1788.0 	0.00456038 	0.000306001 	2
1789.0 	0.00456025 	0.000306167 	2
1790.0 	0.00456003 	0.000306172 	2
1791.0 	0.00455984 	0.000306316 	2
1792.0 	0.00455948 	0.000306317 	2
1793.0 	0.00455932 	0.000306459 	2
1794.0 	0.0045588 	0.00030645 	2
1795.0 	0.00455842 	0.000306593 	2
1796.0 	0.00455798 	0.000306574 	2
1797.0 	0.00455747 	0.000306702 	2
1798.0 	0.00455691 	0.000306678 	2
1799.0 	0.00455661 	0.000306813 	2
1800.0 	0.00455629 	0.000306815 	2
1801.0 	0.00455612 	0.000306975 	2
1802.0 	0.00455579 	0.000306968 	2
1803.0 	0.00455559 	0.000307111 	2
1804.0 	0.0045552 	0.000307099 	2
1805.0 	0.00455497 	0.00030725 	2
1806.0 	0.0045546 	0.00030725 	2
1807.0 	0.00455427 	0.000307385 	2
1808.0 	0.00455363 	0.000307357 	2
1809.0 	0.00455309 	0.000307481 	2
1810.0 	0.00455243 	0.000307456 	2
1811.0 	0.00455188 	0.000307573 	2
1812.0 	0.0045513 	0.000307562 	2
1813.0 	0.00455074 	0.00030769 	2
1814.0 	0.00455008 	0.000307669 	2
1815.0 	0.0045496 	0.000307803 	2
1816.0 	0.004549 	0.000307787 	2
1817.0 	0.00454839 	0.000307905 	2
1818.0 	0.00454774 	0.000307887 	2
1819.0 	0.00454711 	0.000308009 	2
1820.0 	0.00454638 	0.00030799 	2
1821.0 	0.0045459 	0.000308135 	2
1822.0 	0.0045453 	0.000308124 	2
1823.0 	0.00454474 	0.000308244 	2
1824.0 	0.00454426 	0.00030825 	2
1825.0 	0.00454399 	0.000308415 	2
1826.0 	0.00454359 	0.000308408 	2
1827.0 	0.00454316 	0.000308541 	2
1828.0 	0.00454257 	0.000308528 	2
1829.0 	0.00454214 	0.000308656 	2
1830.0 	0.00454167 	0.000308649 	2
1831.0 	0.00454121 	0.000308786 	2
1832.0 	0.00454077 	0.000308773 	2
1833.0 	0.00454021 	0.00030889 	2
1834.0 	0.00453967 	0.000308874 	2
1835.0 	0.00453925 	0.000308996 	2
1836.0 	0.00453887 	0.000309003 	2
1837.0 	0.00453859 	0.000309143 	2
1838.0 	0.00453811 	0.000309135 	2
1839.0 	0.00453778 	0.000309267 	2
1840.0 	0.00453731 	0.000309248 	2
1841.0 	0.0045371 	0.000309392 	2
1842.0 	0.00453683 	0.000309398 	2
1843.0 	0.00453681 	0.00030956 	2
1844.0 	0.00453669 	0.000309579 	2
1845.0 	0.00453681 	0.00030975 	2
1846.0 	0.00453669 	0.000309774 	2
1847.0 	0.00453692 	0.000309954 	2
1848.0 	0.00453684 	0.00030998 	2
1849.0 	0.00453685 	0.000310149 	2
1850.0 	0.00453671 	0.000310169 	2
1851.0 	0.00453672 	0.000310329 	2
1852.0 	0.00453645 	0.000310347 	2
1853.0 	0.0045363 	0.00031051 	2
1854.0 	0.00453613 	0.000310531 	2
1855.0 	0.00453565 	0.000310665 	2
1856.0 	0.00453511 	0.000310654 	2
1857.0 	0.00453455 	0.000310774 	2
1858.0 	0.00453398 	0.000310767 	2
1859.0 	0.00453348 	0.000310885 	2
1860.0 	0.00453304 	0.000310889 	2
1861.0 	0.00453257 	0.000311019 	2
1862.0 	0.00453207 	0.000311011 	2
1863.0 	0.00453176 	0.000311145 	2
1864.0 	0.00453126 	0.000311127 	2
1865.0 	0.00453098 	0.000311264 	2
1866.0 	0.00453064 	0.000311268 	2
1867.0 	0.0045305 	0.000311417 	2
1868.0 	0.00453016 	0.000311423 	2
1869.0 	0.00453011 	0.000311584 	2
1870.0 	0.0045297 	0.000311586 	2
1871.0 	0.00452958 	0.000311736 	2
1872.0 	0.00452914 	0.000311743 	2
1873.0 	0.00452883 	0.000311894 	2
1874.0 	0.00452828 	0.000311895 	2
1875.0 	0.0045277 	0.000312023 	2
1876.0 	0.00452695 	0.000311999 	2
1877.0 	0.00452619 	0.000312111 	2
1878.0 	0.00452557 	0.000312113 	2
1879.0 	0.0045251 	0.000312252 	2
1880.0 	0.00452472 	0.000312269 	2
1881.0 	0.00452437 	0.000312417 	2
1882.0 	0.00452401 	0.000312425 	2
1883.0 	0.00452374 	0.000312571 	2
1884.0 	0.00452346 	0.000312592 	2
1885.0 	0.0045233 	0.000312744 	2
1886.0 	0.00452294 	0.000312755 	2
1887.0 	0.00452265 	0.000312898 	2
1888.0 	0.00452211 	0.000312883 	2
1889.0 	0.00452158 	0.000313007 	2
1890.0 	0.00452099 	0.000312989 	2
1891.0 	0.00452048 	0.000313109 	2
1892.0 	0.00451993 	0.000313099 	2
1893.0 	0.00451956 	0.000313248 	2
1894.0 	0.00451911 	0.00031324 	2
1895.0 	0.00451866 	0.000313353 	2
1896.0 	0.00451815 	0.000313345 	2
1897.0 	0.00451788 	0.000313485 	2
1898.0 	0.00451765 	0.000313498 	2
1899.0 	0.00451769 	0.000313673 	2
1900.0 	0.0045176 	0.000313688 	2
1901.0 	0.00451771 	0.000313858 	2
1902.0 	0.00451777 	0.000313901 	2
1903.0 	0.00451803 	0.000314087 	2
1904.0 	0.00451812 	0.000314128 	2
1905.0 	0.00451833 	0.000314316 	2
1906.0 	0.00451829 	0.000314351 	2
1907.0 	0.0045184 	0.00031452 	2
1908.0 	0.00451822 	0.000314536 	2
1909.0 	0.00451812 	0.000314699 	2
1910.0 	0.00451789 	0.000314719 	2
1911.0 	0.00451758 	0.000314861 	2
1912.0 	0.00451714 	0.000314866 	2
1913.0 	0.00451675 	0.000314991 	2
1914.0 	0.00451614 	0.000314983 	2
1915.0 	0.00451575 	0.000315116 	2
1916.0 	0.00451523 	0.000315102 	2
1917.0 	0.00451496 	0.000315249 	2
1918.0 	0.0045146 	0.000315256 	2
1919.0 	0.00451446 	0.000315395 	2
1920.0 	0.00451419 	0.00031541 	2
1921.0 	0.00451402 	0.000315558 	2
1922.0 	0.00451374 	0.000315569 	2
1923.0 	0.00451359 	0.000315722 	2
1924.0 	0.00451331 	0.00031573 	2
1925.0 	0.0045131 	0.000315871 	2
1926.0 	0.00451274 	0.000315885 	2
1927.0 	0.0045125 	0.000316028 	2
1928.0 	0.00451209 	0.000316031 	2
1929.0 	0.00451181 	0.000316182 	2
1930.0 	0.0045113 	0.000316179 	2
1931.0 	0.00451082 	0.000316306 	2
1932.0 	0.00451027 	0.000316305 	2
1933.0 	0.00450978 	0.000316446 	2
1934.0 	0.00450934 	0.000316451 	2
1935.0 	0.00450883 	0.000316587 	2
1936.0 	0.00450847 	0.000316604 	2
1937.0 	0.00450812 	0.000316739 	2
1938.0 	0.00450769 	0.000316756 	2
1939.0 	0.00450743 	0.000316903 	2
1940.0 	0.00450714 	0.000316914 	2
1941.0 	0.00450683 	0.000317075 	2
1942.0 	0.00450648 	0.000317085 	2
1943.0 	0.00450591 	0.000317208 	2
1944.0 	0.00450529 	0.000317195 	2
1945.0 	0.00450462 	0.00031731 	2
1946.0 	0.00450401 	0.000317301 	2
1947.0 	0.00450351 	0.000317433 	2
1948.0 	0.00450299 	0.000317425 	2
1949.0 	0.00450253 	0.000317548 	2
1950.0 	0.0045021 	0.000317551 	2
1951.0 	0.00450186 	0.000317687 	2
1952.0 	0.00450167 	0.000317701 	2
1953.0 	0.00450177 	0.000317874 	2
1954.0 	0.00450184 	0.0003179 	2
1955.0 	0.00450198 	0.000318063 	2
1956.0 	0.0045021 	0.000318105 	2
1957.0 	0.00450239 	0.000318284 	2
1958.0 	0.00450247 	0.000318317 	2
1959.0 	0.00450273 	0.000318501 	2
1960.0 	0.00450283 	0.000318543 	2
1961.0 	0.0045029 	0.000318706 	2
1962.0 	0.00450276 	0.000318735 	2
1963.0 	0.00450258 	0.000318882 	2
1964.0 	0.00450222 	0.000318884 	2
1965.0 	0.00450197 	0.000319039 	2
1966.0 	0.00450162 	0.000319035 	2
1967.0 	0.00450133 	0.000319164 	2
1968.0 	0.00450091 	0.000319175 	2
1969.0 	0.00450071 	0.000319316 	2
1970.0 	0.00450045 	0.000319325 	2
1971.0 	0.00450038 	0.000319482 	2
1972.0 	0.00450021 	0.000319505 	2
1973.0 	0.00450029 	0.000319665 	2
1974.0 	0.00450013 	0.000319691 	2
1975.0 	0.00450013 	0.000319849 	2
1976.0 	0.00449995 	0.000319867 	2
1977.0 	0.00449984 	0.000320033 	2
1978.0 	0.00449957 	0.000320037 	2
1979.0 	0.00449925 	0.000320168 	2
1980.0 	0.0044989 	0.000320184 	2
1981.0 	0.00449863 	0.000320333 	2
1982.0 	0.00449828 	0.000320342 	2
1983.0 	0.00449777 	0.000320469 	2
1984.0 	0.00449721 	0.000320461 	2
1985.0 	0.00449662 	0.000320575 	2
1986.0 	0.00449597 	0.000320566 	2
1987.0 	0.00449536 	0.00032068 	2
1988.0 	0.00449478 	0.000320672 	2
1989.0 	0.00449427 	0.000320805 	2
1990.0 	0.00449375 	0.000320797 	2
1991.0 	0.00449335 	0.000320921 	2
1992.0 	0.00449297 	0.000320943 	2
1993.0 	0.00449277 	0.000321091 	2
1994.0 	0.00449246 	0.000321104 	2
1995.0 	0.00449214 	0.000321254 	2
1996.0 	0.00449189 	0.000321262 	2
1997.0 	0.00449144 	0.000321397 	2
1998.0 	0.00449104 	0.000321408 	2
1999.0 	0.00449054 	0.000321526 	2
2000.0 	0.00449003 	0.000321524 	2
