# time 	Initial 	Final 	Iterations
121.0 	0.00497196 	0.000229918 	2
122.0 	0.00496165 	0.000229946 	2
123.0 	0.00487897 	0.00022559 	2
124.0 	0.00486903 	0.000226839 	2
125.0 	0.00482728 	0.000223144 	2
126.0 	0.00482387 	0.000223267 	2
127.0 	0.00475683 	0.000219564 	2
128.0 	0.00474991 	0.000221726 	2
129.0 	0.00470568 	0.00021804 	2
130.0 	0.00468689 	0.000218242 	2
131.0 	0.00461493 	0.000214632 	2
132.0 	0.00460495 	0.000216338 	2
133.0 	0.00455586 	0.00021306 	2
134.0 	0.00455274 	0.000213214 	2
135.0 	0.00446803 	0.00020989 	2
136.0 	0.00447716 	0.000210628 	2
137.0 	0.00442279 	0.000207979 	2
138.0 	0.00442538 	0.000207193 	2
139.0 	0.00434494 	0.000204097 	2
140.0 	0.00436107 	0.000203841 	2
141.0 	0.00428975 	0.000201123 	2
142.0 	0.0042822 	0.00020004 	2
143.0 	0.0042018 	0.000197271 	2
144.0 	0.00421463 	0.000196525 	2
145.0 	0.00414169 	0.000194558 	2
146.0 	0.00414444 	0.000193191 	2
147.0 	0.0040525 	0.000191278 	2
148.0 	0.00407665 	0.000188177 	2
149.0 	0.00397157 	0.000189138 	2
150.0 	0.00399073 	0.000186224 	2
151.0 	0.0038968 	0.000186084 	2
152.0 	0.00391772 	0.00018461 	2
153.0 	0.00384613 	0.000184148 	2
154.0 	0.00384219 	0.000183166 	2
155.0 	0.00378987 	0.000181964 	2
156.0 	0.00377777 	0.00018123 	2
157.0 	0.00374454 	0.000180119 	2
158.0 	0.00371734 	0.000179663 	2
159.0 	0.0036938 	0.000177378 	2
160.0 	0.00366279 	0.000176982 	2
161.0 	0.00363218 	0.000176077 	2
162.0 	0.00359992 	0.000175781 	2
163.0 	0.00357623 	0.000174105 	2
164.0 	0.00355199 	0.000174284 	2
165.0 	0.00353845 	0.000173101 	2
166.0 	0.00350709 	0.000172952 	2
167.0 	0.00348968 	0.000170713 	2
168.0 	0.00345217 	0.00017162 	2
169.0 	0.00344662 	0.000170047 	2
170.0 	0.00339451 	0.000170099 	2
171.0 	0.00338266 	0.000168099 	2
172.0 	0.00335202 	0.000168953 	2
173.0 	0.00333635 	0.00016724 	2
174.0 	0.00330087 	0.000167223 	2
175.0 	0.00328484 	0.000165766 	2
176.0 	0.0032606 	0.000166678 	2
177.0 	0.00324317 	0.000165841 	2
178.0 	0.0032245 	0.000165804 	2
179.0 	0.00319968 	0.000164293 	2
180.0 	0.00318667 	0.000165074 	2
181.0 	0.00317113 	0.000164204 	2
182.0 	0.00315361 	0.000163792 	2
183.0 	0.00312478 	0.000162705 	2
184.0 	0.00311865 	0.000163491 	2
185.0 	0.00310249 	0.000162857 	2
186.0 	0.00308937 	0.000162593 	2
187.0 	0.00306159 	0.000161406 	2
188.0 	0.0030516 	0.000162145 	2
189.0 	0.00302943 	0.000161796 	2
190.0 	0.00301827 	0.00016194 	2
191.0 	0.00300131 	0.000160711 	2
192.0 	0.00299193 	0.000161628 	2
193.0 	0.00297156 	0.000160714 	2
194.0 	0.00294834 	0.000161073 	2
195.0 	0.00293037 	0.000159907 	2
196.0 	0.00291368 	0.00016091 	2
197.0 	0.00290769 	0.000160877 	2
198.0 	0.00288647 	0.000159989 	2
199.0 	0.00285756 	0.000159527 	2
200.0 	0.0028503 	0.000159955 	2
201.0 	0.00282269 	0.000160167 	2
202.0 	0.00281566 	0.00015966 	2
203.0 	0.00277541 	0.000159205 	2
204.0 	0.00278506 	0.000159308 	2
205.0 	0.00274235 	0.000159613 	2
206.0 	0.00275435 	0.00015859 	2
207.0 	0.00270059 	0.000159184 	2
208.0 	0.00272836 	0.000158652 	2
209.0 	0.00266883 	0.0001594 	2
210.0 	0.00269532 	0.000158105 	2
211.0 	0.00263452 	0.000158949 	2
212.0 	0.00267253 	0.000158039 	2
213.0 	0.00261258 	0.00015898 	2
214.0 	0.00263554 	0.000157511 	2
215.0 	0.0025656 	0.000158403 	2
216.0 	0.00260463 	0.000157577 	2
217.0 	0.00253988 	0.000158664 	2
218.0 	0.00257198 	0.000157321 	2
219.0 	0.00250439 	0.000158399 	2
220.0 	0.00254482 	0.000157711 	2
221.0 	0.00248638 	0.000158577 	2
222.0 	0.00252292 	0.000157537 	2
223.0 	0.00245976 	0.000158026 	2
224.0 	0.00249601 	0.000157757 	2
225.0 	0.00243457 	0.000158921 	2
226.0 	0.00246782 	0.000158095 	2
227.0 	0.00240917 	0.000158617 	2
228.0 	0.00244581 	0.000158354 	2
229.0 	0.00238772 	0.000159387 	2
230.0 	0.00241904 	0.000158188 	2
231.0 	0.00235747 	0.000158865 	2
232.0 	0.00239789 	0.000158618 	2
233.0 	0.00233744 	0.000159493 	2
234.0 	0.00237219 	0.000158122 	2
235.0 	0.00230332 	0.000159045 	2
236.0 	0.0023452 	0.000158465 	2
237.0 	0.00228204 	0.000159625 	2
238.0 	0.0023176 	0.000157842 	2
239.0 	0.0022484 	0.000158987 	2
240.0 	0.0022932 	0.000158047 	2
241.0 	0.00222419 	0.000159736 	2
242.0 	0.00226963 	0.000157933 	2
243.0 	0.00219608 	0.000159104 	2
244.0 	0.00224627 	0.000157969 	2
245.0 	0.00217325 	0.000159738 	2
246.0 	0.00222087 	0.000157943 	2
247.0 	0.00214769 	0.00015918 	2
248.0 	0.00219915 	0.000157992 	2
249.0 	0.00212389 	0.000159851 	2
250.0 	0.00217572 	0.00015792 	2
251.0 	0.00209638 	0.000159375 	2
252.0 	0.00215751 	0.000157992 	2
253.0 	0.00207776 	0.000160053 	2
254.0 	0.00213806 	0.000157568 	2
255.0 	0.00205065 	0.000159583 	2
256.0 	0.00211414 	0.000157625 	2
257.0 	0.00202504 	0.000160164 	2
258.0 	0.00209407 	0.000157413 	2
259.0 	0.00199854 	0.000159625 	2
260.0 	0.00207607 	0.000157569 	2
261.0 	0.00197954 	0.000160101 	2
262.0 	0.00205528 	0.000157065 	2
263.0 	0.00195408 	0.000159564 	2
264.0 	0.00203549 	0.000156786 	2
265.0 	0.00193235 	0.000160002 	2
266.0 	0.00201262 	0.000156605 	2
267.0 	0.00190782 	0.000159458 	2
268.0 	0.00199708 	0.000156342 	2
269.0 	0.0018872 	0.000159853 	2
270.0 	0.00197424 	0.000156069 	2
271.0 	0.00186095 	0.000159357 	2
272.0 	0.00195813 	0.000155893 	2
273.0 	0.00184408 	0.000159782 	2
274.0 	0.00193974 	0.000155589 	2
275.0 	0.00182165 	0.000159182 	2
276.0 	0.00192427 	0.000155418 	2
277.0 	0.00180433 	0.000159518 	2
278.0 	0.00190562 	0.000155033 	2
279.0 	0.00178259 	0.000158861 	2
280.0 	0.00188976 	0.000154859 	2
281.0 	0.00176977 	0.000159048 	2
282.0 	0.00187467 	0.000154466 	2
283.0 	0.00174953 	0.000158338 	2
284.0 	0.00185778 	0.000154236 	2
285.0 	0.00173319 	0.000158746 	2
286.0 	0.0018406 	0.00015386 	2
287.0 	0.0017097 	0.000157973 	2
288.0 	0.0018236 	0.000153497 	2
289.0 	0.00169373 	0.000158195 	2
290.0 	0.00180814 	0.000152978 	2
291.0 	0.00167176 	0.000157367 	2
292.0 	0.00178833 	0.000152667 	2
293.0 	0.00165642 	0.000157662 	2
294.0 	0.00177448 	0.000152151 	2
295.0 	0.00163443 	0.000156878 	2
296.0 	0.00175763 	0.000151769 	2
297.0 	0.00161785 	0.000157007 	2
298.0 	0.00174135 	0.000151153 	2
299.0 	0.00159736 	0.000156709 	2
300.0 	0.00173008 	0.00015114 	2
301.0 	0.00158857 	0.000157388 	2
302.0 	0.00172182 	0.000151103 	2
303.0 	0.00156952 	0.0001569 	2
304.0 	0.00171077 	0.00015108 	2
305.0 	0.00156117 	6.9247e-05 	3
306.0 	0.00172511 	0.000150239 	2
307.0 	0.00154307 	6.91511e-05 	3
308.0 	0.0017135 	0.000148923 	2
309.0 	0.00152594 	6.89545e-05 	3
310.0 	0.00169824 	0.000147778 	2
311.0 	0.00149933 	6.85935e-05 	3
312.0 	0.00168041 	0.000146582 	2
313.0 	0.00149066 	6.86176e-05 	3
314.0 	0.00166918 	0.000145776 	2
315.0 	0.00146496 	6.81459e-05 	3
316.0 	0.00164983 	0.000144666 	2
317.0 	0.00145668 	6.81686e-05 	3
318.0 	0.00163561 	0.000143875 	2
319.0 	0.00142854 	6.76272e-05 	3
320.0 	0.00161729 	0.000142837 	2
321.0 	0.00142297 	6.76892e-05 	3
322.0 	0.00160437 	0.000142059 	2
323.0 	0.00139497 	6.70956e-05 	3
324.0 	0.00158526 	0.000140852 	2
325.0 	0.00138836 	6.71432e-05 	3
326.0 	0.00157046 	0.000140057 	2
327.0 	0.00136185 	6.6584e-05 	3
328.0 	0.00155377 	0.000139041 	2
329.0 	0.00135885 	6.65894e-05 	3
330.0 	0.00154076 	0.000138191 	2
331.0 	0.00133124 	6.5906e-05 	3
332.0 	0.00152323 	0.000137001 	2
333.0 	0.00132732 	6.59812e-05 	3
334.0 	0.00151035 	0.000136238 	2
335.0 	0.00129973 	6.52976e-05 	3
336.0 	0.00149328 	0.000135104 	2
337.0 	0.00129477 	6.53511e-05 	3
338.0 	0.00148004 	0.000134306 	2
339.0 	0.00126888 	6.46989e-05 	3
340.0 	0.00146634 	0.000133306 	2
341.0 	0.00126968 	6.47738e-05 	3
342.0 	0.00145468 	0.000132429 	2
343.0 	0.00124124 	6.40151e-05 	3
344.0 	0.00143687 	0.000131219 	2
345.0 	0.00123934 	6.41e-05 	3
346.0 	0.0014245 	0.000130532 	2
347.0 	0.00121111 	6.34119e-05 	3
348.0 	0.00140403 	0.000129337 	2
349.0 	0.00120431 	6.34011e-05 	3
350.0 	0.00138702 	0.000128482 	2
351.0 	0.00117622 	6.26371e-05 	3
352.0 	0.00136637 	0.000127421 	2
353.0 	0.00117476 	6.25488e-05 	3
354.0 	0.00135465 	0.000126581 	2
355.0 	0.00115081 	6.18368e-05 	3
356.0 	0.00133822 	0.000125442 	2
357.0 	0.00114836 	6.18092e-05 	3
358.0 	0.00132797 	0.000124659 	2
359.0 	0.00112582 	6.11638e-05 	3
360.0 	0.00131104 	0.000123438 	2
361.0 	0.00112093 	6.10943e-05 	3
362.0 	0.00129764 	0.000122905 	2
363.0 	0.00110038 	6.06617e-05 	3
364.0 	0.00128526 	0.000122218 	2
365.0 	0.00109725 	6.07753e-05 	3
366.0 	0.00127701 	0.000121634 	2
367.0 	0.00107643 	6.03434e-05 	3
368.0 	0.00126454 	0.000120966 	2
369.0 	0.00107276 	6.04844e-05 	3
370.0 	0.00125446 	0.000120469 	2
371.0 	0.00105225 	5.99864e-05 	3
372.0 	0.00124279 	0.00011975 	2
373.0 	0.00104954 	6.00521e-05 	3
374.0 	0.00123314 	0.00011916 	2
375.0 	0.00102917 	5.95693e-05 	3
376.0 	0.00121964 	0.000118473 	2
377.0 	0.00102577 	5.95533e-05 	3
378.0 	0.00120685 	0.000117674 	2
379.0 	0.00100509 	5.89781e-05 	3
380.0 	0.0011923 	0.00011685 	2
381.0 	0.000997002 	5.89183e-05 	3
382.0 	0.00117776 	0.000116002 	2
383.0 	0.000975938 	5.83605e-05 	3
384.0 	0.00116417 	0.00011501 	2
385.0 	0.000972336 	5.82821e-05 	3
386.0 	0.001153 	0.000114059 	2
387.0 	0.000952687 	5.76518e-05 	3
388.0 	0.00114008 	0.000113163 	2
389.0 	0.000950925 	5.75518e-05 	3
390.0 	0.00112852 	0.000112137 	2
391.0 	0.000931886 	5.69249e-05 	3
392.0 	0.00111606 	0.000111133 	2
393.0 	0.000928432 	5.6728e-05 	3
394.0 	0.00110445 	0.000110151 	2
395.0 	0.0009091 	5.60082e-05 	3
396.0 	0.00109242 	0.000109088 	2
397.0 	0.000906689 	5.58459e-05 	3
398.0 	0.00107872 	5.09323e-05 	3
399.0 	0.00089091 	5.48278e-05 	3
400.0 	0.00106649 	0.000106565 	2
401.0 	0.000882426 	5.4589e-05 	3
402.0 	0.00105221 	4.97359e-05 	3
403.0 	0.000867189 	5.36558e-05 	3
404.0 	0.00104353 	0.000104042 	2
405.0 	0.000858613 	5.33491e-05 	3
406.0 	0.00102841 	4.85746e-05 	3
407.0 	0.000845012 	5.24655e-05 	3
408.0 	0.00101659 	0.000101399 	2
409.0 	0.00083643 	5.20875e-05 	3
410.0 	0.00100255 	4.74311e-05 	3
411.0 	0.000825055 	5.12267e-05 	3
412.0 	0.00099198 	9.88416e-05 	2
413.0 	0.000818345 	5.09043e-05 	3
414.0 	0.00097681 	4.62644e-05 	3
415.0 	0.000804037 	5.00254e-05 	3
416.0 	0.000963231 	4.57033e-05 	3
417.0 	0.000804281 	4.9346e-05 	3
418.0 	0.000950393 	9.49224e-05 	2
419.0 	0.000779886 	4.86824e-05 	3
420.0 	0.00093094 	4.45626e-05 	3
421.0 	0.000779476 	4.8118e-05 	3
422.0 	0.000921852 	4.3845e-05 	3
423.0 	0.000762596 	4.71978e-05 	3
424.0 	0.000906718 	4.31753e-05 	3
425.0 	0.000757246 	4.65771e-05 	3
426.0 	0.000893538 	4.25172e-05 	3
427.0 	0.000738961 	4.56746e-05 	3
428.0 	0.000879494 	8.79393e-05 	2
429.0 	0.000731903 	4.53789e-05 	3
430.0 	0.000868676 	4.13743e-05 	3
431.0 	0.000722379 	4.45704e-05 	3
432.0 	0.000859407 	8.55804e-05 	2
433.0 	0.000718307 	4.41626e-05 	3
434.0 	0.000851728 	8.46838e-05 	2
435.0 	0.000707906 	4.36756e-05 	3
436.0 	0.000844204 	8.36458e-05 	2
437.0 	0.00070873 	4.33435e-05 	3
438.0 	0.00083655 	8.28393e-05 	2
439.0 	0.000694914 	4.28293e-05 	3
440.0 	0.000828213 	8.18698e-05 	2
441.0 	0.000695217 	4.25212e-05 	3
442.0 	0.000822354 	8.11895e-05 	2
443.0 	0.000682545 	4.19721e-05 	3
444.0 	0.000813555 	8.01514e-05 	2
445.0 	0.00068373 	4.15854e-05 	3
446.0 	0.000807024 	7.92746e-05 	2
447.0 	0.000670749 	4.10478e-05 	3
448.0 	0.000796317 	7.83309e-05 	2
449.0 	0.000668213 	4.06308e-05 	3
450.0 	0.000788713 	7.74442e-05 	2
451.0 	0.000654201 	4.00735e-05 	3
452.0 	0.000776189 	7.63909e-05 	2
453.0 	0.000646527 	3.97312e-05 	3
454.0 	0.000764079 	7.52919e-05 	2
455.0 	0.000628428 	3.92218e-05 	3
456.0 	0.000750892 	7.41726e-05 	2
457.0 	0.000623954 	3.87719e-05 	3
458.0 	0.000744626 	7.32392e-05 	2
459.0 	0.00061572 	3.82963e-05 	3
460.0 	0.00073378 	7.23222e-05 	2
461.0 	0.000610767 	3.78535e-05 	3
462.0 	0.000718745 	7.13026e-05 	2
463.0 	0.000593378 	3.71559e-05 	3
464.0 	0.000696807 	3.34389e-05 	3
465.0 	0.000586383 	3.6424e-05 	3
466.0 	0.000675534 	3.28235e-05 	3
467.0 	0.00056782 	3.54689e-05 	3
468.0 	0.000657989 	3.23005e-05 	3
469.0 	0.000568716 	3.47536e-05 	3
470.0 	0.000648111 	3.16467e-05 	3
471.0 	0.000556338 	3.38888e-05 	3
472.0 	0.000635084 	3.10896e-05 	3
473.0 	0.000551876 	3.33017e-05 	3
474.0 	0.000623015 	3.03571e-05 	3
475.0 	0.000539333 	3.25321e-05 	3
476.0 	0.000613716 	2.96609e-05 	3
477.0 	0.000533655 	3.17741e-05 	3
478.0 	0.000601495 	2.8966e-05 	3
479.0 	0.000523029 	3.10243e-05 	3
480.0 	0.000592248 	5.91632e-05 	2
481.0 	0.000518499 	3.05376e-05 	3
482.0 	0.00058258 	5.80449e-05 	2
483.0 	0.000508483 	2.99839e-05 	3
484.0 	0.000572849 	5.70838e-05 	2
485.0 	0.000505511 	2.96127e-05 	3
486.0 	0.000565804 	5.63081e-05 	2
487.0 	0.000498909 	2.90839e-05 	3
488.0 	0.000560571 	5.55441e-05 	2
489.0 	0.000497088 	2.86824e-05 	3
490.0 	0.000554957 	5.47074e-05 	2
491.0 	0.00049027 	2.82368e-05 	3
492.0 	0.000545574 	5.39978e-05 	2
493.0 	0.000487054 	2.79036e-05 	3
494.0 	0.000538811 	5.32352e-05 	2
495.0 	0.000479143 	2.74351e-05 	3
496.0 	0.000528367 	5.26716e-05 	2
497.0 	0.000473146 	2.70621e-05 	3
498.0 	0.00051698 	5.16836e-05 	2
499.0 	0.000462107 	2.64554e-05 	3
500.0 	0.000503901 	2.44471e-05 	3
501.0 	0.000454504 	2.57853e-05 	3
502.0 	0.000489746 	2.38443e-05 	3
503.0 	0.000442654 	2.49399e-05 	3
504.0 	0.000476426 	2.32441e-05 	3
505.0 	0.000438481 	2.42845e-05 	3
506.0 	0.000468543 	2.26269e-05 	3
507.0 	0.000432322 	2.35587e-05 	3
508.0 	0.000457736 	4.57379e-05 	2
509.0 	0.000425291 	2.30247e-05 	3
510.0 	0.000449337 	4.47466e-05 	2
511.0 	0.000422087 	2.2445e-05 	3
512.0 	0.000442084 	4.36271e-05 	2
513.0 	0.000418134 	2.1874e-05 	3
514.0 	0.000435077 	4.26354e-05 	2
515.0 	0.000412076 	2.13317e-05 	3
516.0 	0.000429335 	4.17516e-05 	2
517.0 	0.000409794 	2.08268e-05 	3
518.0 	0.000425621 	4.08209e-05 	2
519.0 	0.000406738 	2.03451e-05 	3
520.0 	0.000420007 	3.99341e-05 	2
521.0 	0.000400382 	1.98183e-05 	3
522.0 	0.000411622 	3.91058e-05 	2
523.0 	0.000396224 	1.93189e-05 	3
524.0 	0.000407626 	3.84191e-05 	2
525.0 	0.000395018 	3.92594e-05 	2
526.0 	0.000399201 	3.78099e-05 	2
527.0 	0.000390552 	3.85856e-05 	2
528.0 	0.000393606 	3.73354e-05 	2
529.0 	0.000385098 	3.78756e-05 	2
530.0 	0.000384226 	3.67424e-05 	2
531.0 	0.000379853 	3.7149e-05 	2
532.0 	0.000378805 	3.63004e-05 	2
533.0 	0.000378329 	3.65418e-05 	2
534.0 	0.000377033 	3.56389e-05 	2
535.0 	0.00037604 	3.593e-05 	2
536.0 	0.000373989 	3.51614e-05 	2
537.0 	0.000373132 	3.5264e-05 	2
538.0 	0.000369949 	3.45622e-05 	2
539.0 	0.000370434 	3.47202e-05 	2
540.0 	0.000369268 	3.39564e-05 	2
541.0 	0.000370071 	3.4076e-05 	2
542.0 	0.0003671 	3.33199e-05 	2
543.0 	0.000367661 	3.34112e-05 	2
544.0 	0.00036479 	3.26881e-05 	2
545.0 	0.000364286 	3.28363e-05 	2
546.0 	0.000360055 	3.20855e-05 	2
547.0 	0.000361225 	3.2203e-05 	2
548.0 	0.000358205 	3.15292e-05 	2
549.0 	0.00036103 	3.16881e-05 	2
550.0 	0.000355812 	3.09868e-05 	2
551.0 	0.000359683 	3.11045e-05 	2
552.0 	0.000354842 	3.04518e-05 	2
553.0 	0.000358697 	3.05613e-05 	2
554.0 	0.000351827 	2.9937e-05 	2
555.0 	0.000356054 	3.00029e-05 	2
556.0 	0.000349207 	2.9417e-05 	2
557.0 	0.000355507 	2.9463e-05 	2
558.0 	0.000349117 	2.89009e-05 	2
559.0 	0.000355637 	2.89906e-05 	2
560.0 	0.000348092 	2.83687e-05 	2
561.0 	0.000353815 	2.84749e-05 	2
562.0 	0.000345315 	2.7868e-05 	2
563.0 	0.000350937 	2.79094e-05 	2
564.0 	0.00034415 	2.73473e-05 	2
565.0 	0.000349896 	2.74461e-05 	2
566.0 	0.000342097 	2.6819e-05 	2
567.0 	0.000349072 	2.6864e-05 	2
568.0 	0.000340822 	2.63239e-05 	2
569.0 	0.000346721 	2.62975e-05 	2
570.0 	0.000336503 	2.57785e-05 	2
571.0 	0.000343597 	2.57713e-05 	2
572.0 	0.00033374 	2.52296e-05 	2
573.0 	0.000341462 	2.534e-05 	2
574.0 	0.000333954 	2.47829e-05 	2
575.0 	0.000340329 	2.48465e-05 	2
576.0 	0.000331615 	2.42931e-05 	2
577.0 	0.00033869 	2.43718e-05 	2
578.0 	0.000329338 	2.37789e-05 	2
579.0 	0.000336482 	2.39187e-05 	2
580.0 	0.000327511 	2.33731e-05 	2
581.0 	0.000336443 	2.34402e-05 	2
582.0 	0.000325827 	2.28642e-05 	2
583.0 	0.000334381 	2.29683e-05 	2
584.0 	0.000324524 	2.25168e-05 	2
585.0 	0.000333973 	2.25928e-05 	2
586.0 	0.000322578 	2.20397e-05 	2
587.0 	0.000332155 	2.20733e-05 	2
588.0 	0.00032223 	2.16924e-05 	2
589.0 	0.000331421 	2.17423e-05 	2
590.0 	0.000321673 	2.12549e-05 	2
591.0 	0.000330964 	2.14114e-05 	2
592.0 	0.000319405 	2.09701e-05 	2
593.0 	0.000330043 	2.10226e-05 	2
594.0 	0.000319483 	2.06184e-05 	2
595.0 	0.000329064 	2.06986e-05 	2
596.0 	0.000317617 	2.02858e-05 	2
597.0 	0.000328866 	2.03028e-05 	2
598.0 	0.000317569 	1.99018e-05 	2
599.0 	0.000327523 	1.98939e-05 	2
600.0 	0.000316405 	1.95602e-05 	2
601.0 	0.000326445 	1.95814e-05 	2
602.0 	0.000315792 	1.91615e-05 	2
603.0 	0.000326574 	1.91733e-05 	2
604.0 	0.000314521 	1.88305e-05 	2
605.0 	0.000325222 	1.88704e-05 	2
606.0 	0.000312431 	1.85146e-05 	2
607.0 	0.000324588 	1.86194e-05 	2
608.0 	0.000311887 	1.83628e-05 	2
609.0 	0.000325413 	1.84286e-05 	2
610.0 	0.000313707 	1.81509e-05 	2
611.0 	0.000327003 	1.82122e-05 	2
612.0 	0.000313309 	1.8016e-05 	2
613.0 	0.000327961 	1.80285e-05 	2
614.0 	0.000315137 	1.77884e-05 	2
615.0 	0.000328639 	1.7854e-05 	2
616.0 	0.000314944 	1.75583e-05 	2
617.0 	0.000328796 	1.75738e-05 	2
618.0 	0.000313979 	1.73333e-05 	2
619.0 	0.000327926 	1.73765e-05 	2
620.0 	0.000312969 	1.71633e-05 	2
621.0 	0.000327065 	1.70816e-05 	2
622.0 	0.000311767 	1.68807e-05 	2
623.0 	0.000327075 	1.68507e-05 	2
624.0 	0.000311409 	1.67016e-05 	2
625.0 	0.00032664 	1.67186e-05 	2
626.0 	0.000310029 	1.65406e-05 	2
627.0 	0.000325429 	1.6548e-05 	2
628.0 	0.000309526 	1.64686e-05 	2
629.0 	0.000325944 	1.6387e-05 	2
630.0 	0.000309156 	1.63587e-05 	2
631.0 	0.00032505 	1.63224e-05 	2
632.0 	0.000308188 	1.6243e-05 	2
633.0 	0.000324764 	1.62577e-05 	2
634.0 	0.000308775 	1.62142e-05 	2
635.0 	0.000325447 	1.62256e-05 	2
636.0 	0.000308862 	1.62094e-05 	2
637.0 	0.000326526 	1.62343e-05 	2
638.0 	0.000311844 	1.62332e-05 	2
639.0 	0.000328833 	1.63524e-05 	2
640.0 	0.000312829 	1.63739e-05 	2
641.0 	0.000330802 	1.64047e-05 	2
642.0 	0.000315095 	1.64636e-05 	2
643.0 	0.000332587 	1.6558e-05 	2
644.0 	0.000316345 	1.66901e-05 	2
645.0 	0.000335153 	1.66934e-05 	2
646.0 	0.000318007 	1.68289e-05 	2
647.0 	0.000335269 	1.69127e-05 	2
648.0 	0.000317945 	1.70217e-05 	2
649.0 	0.000335347 	1.72298e-05 	2
650.0 	0.000318694 	1.73247e-05 	2
651.0 	0.000335096 	1.75184e-05 	2
652.0 	0.000317477 	1.76561e-05 	2
653.0 	0.000336116 	1.79186e-05 	2
654.0 	0.000318947 	1.80374e-05 	2
655.0 	0.000337186 	1.82849e-05 	2
656.0 	0.000319288 	1.84289e-05 	2
657.0 	0.000340536 	1.86728e-05 	2
658.0 	0.000321478 	1.88346e-05 	2
659.0 	0.000343633 	1.9036e-05 	2
660.0 	0.00032314 	1.92571e-05 	2
661.0 	0.000344999 	1.94375e-05 	2
662.0 	0.000326285 	1.95689e-05 	2
663.0 	0.000346634 	1.98043e-05 	2
664.0 	0.000327265 	1.99907e-05 	2
665.0 	0.000348909 	2.0173e-05 	2
666.0 	0.000331001 	2.03776e-05 	2
667.0 	0.000353358 	2.05804e-05 	2
668.0 	0.000334029 	2.08312e-05 	2
669.0 	0.000354952 	2.09802e-05 	2
670.0 	0.000337536 	2.12878e-05 	2
671.0 	0.000360423 	2.1514e-05 	2
672.0 	0.000340645 	2.19454e-05 	2
673.0 	0.000365284 	2.21156e-05 	2
674.0 	0.000345964 	2.24851e-05 	2
675.0 	0.000368124 	2.25327e-05 	2
676.0 	0.000347358 	2.30046e-05 	2
677.0 	0.000368658 	2.30256e-05 	2
678.0 	0.000349 	2.34859e-05 	2
679.0 	0.000369347 	2.34896e-05 	2
680.0 	0.000351339 	2.39257e-05 	2
681.0 	0.000369327 	2.41208e-05 	2
682.0 	0.000356135 	2.45898e-05 	2
683.0 	0.000373148 	2.46093e-05 	2
684.0 	0.000359111 	2.51706e-05 	2
685.0 	0.00037457 	2.52368e-05 	2
686.0 	0.000362069 	2.56273e-05 	2
687.0 	0.000378432 	2.57611e-05 	2
688.0 	0.000363775 	2.62125e-05 	2
689.0 	0.000381585 	2.62186e-05 	2
690.0 	0.000365799 	2.6595e-05 	2
691.0 	0.000384425 	2.66805e-05 	2
692.0 	0.000370589 	2.71024e-05 	2
693.0 	0.000385563 	2.71508e-05 	2
694.0 	0.000371447 	2.75275e-05 	2
695.0 	0.000388699 	2.75028e-05 	2
696.0 	0.000372772 	2.80009e-05 	2
697.0 	0.00039006 	2.78869e-05 	2
698.0 	0.000375374 	2.82535e-05 	2
699.0 	0.000390959 	2.82573e-05 	2
700.0 	0.000375009 	2.86422e-05 	2
701.0 	0.000393295 	2.86057e-05 	2
702.0 	0.000375714 	2.9053e-05 	2
703.0 	0.000394919 	2.88608e-05 	2
704.0 	0.000378642 	2.92966e-05 	2
705.0 	0.000395487 	2.92294e-05 	2
706.0 	0.000379474 	2.95421e-05 	2
707.0 	0.000397532 	2.94943e-05 	2
708.0 	0.000381196 	2.99943e-05 	2
709.0 	0.000400952 	2.98097e-05 	2
710.0 	0.000382981 	3.0198e-05 	2
711.0 	0.000400669 	3.01726e-05 	2
712.0 	0.000383599 	3.05213e-05 	2
713.0 	0.000402641 	3.04134e-05 	2
714.0 	0.000385922 	3.08408e-05 	2
715.0 	0.000404394 	3.07067e-05 	2
716.0 	0.000388213 	3.1124e-05 	2
717.0 	0.000406067 	3.1064e-05 	2
718.0 	0.000389689 	3.13703e-05 	2
719.0 	0.000408234 	3.12719e-05 	2
720.0 	0.000392219 	3.16795e-05 	2
721.0 	0.000410044 	3.16095e-05 	2
722.0 	0.000394716 	3.19038e-05 	2
723.0 	0.00041207 	3.18287e-05 	2
724.0 	0.000395078 	3.22082e-05 	2
725.0 	0.000414651 	3.20782e-05 	2
726.0 	0.000397106 	3.24791e-05 	2
727.0 	0.000416964 	3.24377e-05 	2
728.0 	0.000399841 	3.27724e-05 	2
729.0 	0.000418567 	3.25639e-05 	2
730.0 	0.000399238 	3.29629e-05 	2
731.0 	0.000420713 	3.28302e-05 	2
732.0 	0.000401303 	3.32361e-05 	2
733.0 	0.000421141 	3.2996e-05 	2
734.0 	0.000402852 	3.34198e-05 	2
735.0 	0.000423683 	3.3265e-05 	2
736.0 	0.000404869 	3.36206e-05 	2
737.0 	0.000424864 	3.34072e-05 	2
738.0 	0.000406696 	3.3803e-05 	2
739.0 	0.000424974 	3.36993e-05 	2
740.0 	0.000407646 	3.40174e-05 	2
741.0 	0.000426787 	3.37983e-05 	2
742.0 	0.000407539 	3.42284e-05 	2
743.0 	0.000428893 	3.40454e-05 	2
744.0 	0.000407917 	3.43758e-05 	2
745.0 	0.000429521 	3.42126e-05 	2
746.0 	0.000410061 	3.45589e-05 	2
747.0 	0.000430147 	3.43665e-05 	2
748.0 	0.000410013 	3.47216e-05 	2
749.0 	0.000430246 	3.44875e-05 	2
750.0 	0.000412745 	3.49298e-05 	2
751.0 	0.000432522 	3.47211e-05 	2
752.0 	0.000415119 	3.50749e-05 	2
753.0 	0.000433592 	3.47532e-05 	2
754.0 	0.000415552 	3.52487e-05 	2
755.0 	0.000434815 	3.50335e-05 	2
756.0 	0.000419683 	3.5526e-05 	2
757.0 	0.00043712 	3.52233e-05 	2
758.0 	0.00042054 	3.56352e-05 	2
759.0 	0.000437099 	3.52729e-05 	2
760.0 	0.000418743 	3.5695e-05 	2
761.0 	0.000435053 	3.53801e-05 	2
762.0 	0.000419197 	3.57779e-05 	2
763.0 	0.00043628 	3.55483e-05 	2
764.0 	0.000420834 	3.59273e-05 	2
765.0 	0.000439011 	3.56395e-05 	2
766.0 	0.000421646 	3.61182e-05 	2
767.0 	0.000439257 	3.57637e-05 	2
768.0 	0.000422272 	3.61207e-05 	2
769.0 	0.00044054 	3.59072e-05 	2
770.0 	0.000422851 	3.62341e-05 	2
771.0 	0.000441737 	3.59927e-05 	2
772.0 	0.000424379 	3.6438e-05 	2
773.0 	0.000443009 	3.60864e-05 	2
774.0 	0.000425025 	3.65509e-05 	2
775.0 	0.000445323 	3.62727e-05 	2
776.0 	0.000428906 	3.67226e-05 	2
777.0 	0.000447898 	3.64171e-05 	2
778.0 	0.000431054 	3.68339e-05 	2
779.0 	0.000449234 	3.6619e-05 	2
780.0 	0.000433032 	3.69345e-05 	2
781.0 	0.000452505 	3.67055e-05 	2
782.0 	0.000435057 	3.71015e-05 	2
783.0 	0.000453163 	3.67596e-05 	2
784.0 	0.000434859 	3.7188e-05 	2
785.0 	0.000454509 	3.68455e-05 	2
786.0 	0.000434137 	3.72722e-05 	2
787.0 	0.000455066 	3.69322e-05 	2
788.0 	0.000434475 	3.72516e-05 	2
789.0 	0.00045459 	3.69381e-05 	2
790.0 	0.000434946 	3.73551e-05 	2
791.0 	0.000455633 	3.70642e-05 	2
792.0 	0.000436256 	3.74672e-05 	2
793.0 	0.000455779 	3.70584e-05 	2
794.0 	0.000436469 	3.75055e-05 	2
795.0 	0.000455747 	3.71386e-05 	2
796.0 	0.000437471 	3.75425e-05 	2
797.0 	0.000454804 	3.72568e-05 	2
798.0 	0.000437307 	3.7678e-05 	2
799.0 	0.00045752 	3.73383e-05 	2
800.0 	0.000438509 	3.76623e-05 	2
801.0 	0.000456608 	3.73509e-05 	2
802.0 	0.000439333 	3.77447e-05 	2
803.0 	0.00045716 	3.73487e-05 	2
804.0 	0.000440223 	3.77317e-05 	2
805.0 	0.000457903 	3.73824e-05 	2
806.0 	0.000439827 	3.77715e-05 	2
807.0 	0.000460257 	3.75481e-05 	2
808.0 	0.0004405 	3.78851e-05 	2
809.0 	0.000462529 	3.75525e-05 	2
810.0 	0.000439559 	3.79476e-05 	2
811.0 	0.000464237 	3.76261e-05 	2
812.0 	0.000441059 	3.79345e-05 	2
813.0 	0.00046595 	3.7655e-05 	2
814.0 	0.000440982 	3.7978e-05 	2
815.0 	0.000466724 	3.76744e-05 	2
816.0 	0.00044206 	3.8045e-05 	2
817.0 	0.000469621 	3.76841e-05 	2
818.0 	0.00044491 	3.8089e-05 	2
819.0 	0.000470101 	3.76948e-05 	2
820.0 	0.000443983 	3.79567e-05 	2
821.0 	0.000470641 	3.7786e-05 	2
822.0 	0.000443822 	3.80649e-05 	2
823.0 	0.000471811 	3.77935e-05 	2
824.0 	0.000444419 	3.81122e-05 	2
825.0 	0.000473385 	3.77457e-05 	2
826.0 	0.00044612 	3.81445e-05 	2
827.0 	0.000472757 	3.77857e-05 	2
828.0 	0.000445492 	3.81157e-05 	2
829.0 	0.000473819 	3.78196e-05 	2
830.0 	0.000445949 	3.80973e-05 	2
831.0 	0.000473319 	3.77825e-05 	2
832.0 	0.000447321 	3.81911e-05 	2
833.0 	0.000473309 	3.77872e-05 	2
834.0 	0.000449099 	3.82379e-05 	2
835.0 	0.000476285 	3.78337e-05 	2
836.0 	0.000450848 	3.81699e-05 	2
837.0 	0.00047601 	3.78453e-05 	2
838.0 	0.00045187 	3.81742e-05 	2
839.0 	0.00047777 	3.78999e-05 	2
840.0 	0.000452939 	3.82203e-05 	2
841.0 	0.000479135 	3.78433e-05 	2
842.0 	0.00045306 	3.82468e-05 	2
843.0 	0.00048122 	3.79266e-05 	2
844.0 	0.000452662 	3.8172e-05 	2
845.0 	0.000482631 	3.78516e-05 	2
846.0 	0.000453264 	3.82045e-05 	2
847.0 	0.000484919 	3.7869e-05 	2
848.0 	0.000453684 	3.80946e-05 	2
849.0 	0.000484952 	3.78753e-05 	2
850.0 	0.000453388 	3.81408e-05 	2
851.0 	0.000484786 	3.77535e-05 	2
852.0 	0.000453256 	3.80839e-05 	2
853.0 	0.000484317 	3.76843e-05 	2
854.0 	0.000454081 	3.79811e-05 	2
855.0 	0.000484808 	3.76786e-05 	2
856.0 	0.000453997 	3.79357e-05 	2
857.0 	0.000485702 	3.76032e-05 	2
858.0 	0.000454319 	3.79879e-05 	2
859.0 	0.000486796 	3.76374e-05 	2
860.0 	0.000455141 	3.79724e-05 	2
861.0 	0.000486888 	3.75603e-05 	2
862.0 	0.000457564 	3.80437e-05 	2
863.0 	0.000488799 	3.75821e-05 	2
864.0 	0.000457111 	3.79094e-05 	2
865.0 	0.000487504 	3.75419e-05 	2
866.0 	0.00045665 	3.78672e-05 	2
867.0 	0.000488222 	3.75018e-05 	2
868.0 	0.000457561 	3.78992e-05 	2
869.0 	0.000488896 	3.74504e-05 	2
870.0 	0.000458085 	3.78384e-05 	2
871.0 	0.000490184 	3.74104e-05 	2
872.0 	0.000457795 	3.76852e-05 	2
873.0 	0.000491117 	3.72792e-05 	2
874.0 	0.000455815 	3.76144e-05 	2
875.0 	0.000491801 	3.72378e-05 	2
876.0 	0.000457503 	3.75521e-05 	2
877.0 	0.000491514 	3.71186e-05 	2
878.0 	0.000458489 	3.7455e-05 	2
879.0 	0.000491643 	3.70857e-05 	2
880.0 	0.000458485 	3.7391e-05 	2
881.0 	0.000492765 	3.70344e-05 	2
882.0 	0.000459401 	3.73944e-05 	2
883.0 	0.000493947 	3.69927e-05 	2
884.0 	0.000459618 	3.73532e-05 	2
885.0 	0.00049308 	3.69513e-05 	2
886.0 	0.000460309 	3.72866e-05 	2
887.0 	0.000493454 	3.6888e-05 	2
888.0 	0.000461069 	3.72596e-05 	2
889.0 	0.000494368 	3.68763e-05 	2
890.0 	0.000464326 	3.71941e-05 	2
891.0 	0.000495727 	3.6781e-05 	2
892.0 	0.000461761 	3.70763e-05 	2
893.0 	0.000495406 	3.66041e-05 	2
894.0 	0.000462594 	3.70241e-05 	2
895.0 	0.000496122 	3.66089e-05 	2
896.0 	0.000462072 	3.69054e-05 	2
897.0 	0.000495861 	3.65025e-05 	2
898.0 	0.000462026 	3.68388e-05 	2
899.0 	0.000496729 	3.64151e-05 	2
900.0 	0.000460778 	3.68347e-05 	2
901.0 	0.000497668 	3.63947e-05 	2
902.0 	0.000462555 	3.67252e-05 	2
903.0 	0.000498266 	3.63073e-05 	2
904.0 	0.000462651 	3.66882e-05 	2
905.0 	0.000499212 	3.6251e-05 	2
906.0 	0.000462063 	3.6567e-05 	2
907.0 	0.000500597 	3.61352e-05 	2
908.0 	0.000463002 	3.65545e-05 	2
909.0 	0.000501225 	3.61143e-05 	2
910.0 	0.00046206 	3.63952e-05 	2
911.0 	0.000500382 	3.59585e-05 	2
912.0 	0.000460226 	3.62622e-05 	2
913.0 	0.000499672 	3.58585e-05 	2
914.0 	0.000458713 	3.61527e-05 	2
915.0 	0.000500062 	3.57186e-05 	2
916.0 	0.000457808 	3.60425e-05 	2
917.0 	0.000499744 	3.56321e-05 	2
918.0 	0.000457201 	3.59187e-05 	2
919.0 	0.000498169 	3.54957e-05 	2
920.0 	0.00045752 	3.58406e-05 	2
921.0 	0.000497196 	3.54033e-05 	2
922.0 	0.000458324 	3.57756e-05 	2
923.0 	0.000496572 	3.53308e-05 	2
924.0 	0.000459253 	3.56693e-05 	2
925.0 	0.000496448 	3.52556e-05 	2
926.0 	0.000459301 	3.55307e-05 	2
927.0 	0.000496637 	3.51431e-05 	2
928.0 	0.000457304 	3.55163e-05 	2
929.0 	0.000497693 	3.49672e-05 	2
930.0 	0.000454827 	3.51865e-05 	2
931.0 	0.000496673 	3.47774e-05 	2
932.0 	0.000454263 	3.50851e-05 	2
933.0 	0.000494957 	3.45389e-05 	2
934.0 	0.000454674 	3.48739e-05 	2
935.0 	0.000494073 	3.448e-05 	2
936.0 	0.000455862 	3.47718e-05 	2
937.0 	0.000493527 	3.42573e-05 	2
938.0 	0.000457223 	3.46478e-05 	2
939.0 	0.000494425 	3.41737e-05 	2
940.0 	0.000457038 	3.45161e-05 	2
941.0 	0.000493734 	3.40254e-05 	2
942.0 	0.000457073 	3.437e-05 	2
943.0 	0.000492614 	3.38091e-05 	2
944.0 	0.000453926 	3.40288e-05 	2
945.0 	0.000487554 	3.34679e-05 	2
946.0 	0.000450908 	3.37506e-05 	2
947.0 	0.000483304 	3.31753e-05 	2
948.0 	0.00044897 	3.35078e-05 	2
949.0 	0.000482016 	3.29938e-05 	2
950.0 	0.000448802 	3.32416e-05 	2
951.0 	0.000480349 	3.2737e-05 	2
952.0 	0.00044774 	3.29947e-05 	2
953.0 	0.000479019 	3.24679e-05 	2
954.0 	0.000447873 	3.28011e-05 	2
955.0 	0.00047846 	3.2292e-05 	2
956.0 	0.000447887 	3.26362e-05 	2
957.0 	0.000479856 	3.21297e-05 	2
958.0 	0.000448268 	3.24694e-05 	2
959.0 	0.000479367 	3.19888e-05 	2
960.0 	0.000446833 	3.2232e-05 	2
961.0 	0.000478026 	3.17496e-05 	2
962.0 	0.000446843 	3.20773e-05 	2
963.0 	0.000477961 	3.16445e-05 	2
964.0 	0.000445245 	3.19753e-05 	2
965.0 	0.000479384 	3.15042e-05 	2
966.0 	0.000445636 	3.18174e-05 	2
967.0 	0.000478944 	3.13527e-05 	2
968.0 	0.000444241 	3.17173e-05 	2
969.0 	0.000480289 	3.11786e-05 	2
970.0 	0.000443321 	3.14695e-05 	2
971.0 	0.000479526 	3.106e-05 	2
972.0 	0.000442922 	3.13815e-05 	2
973.0 	0.000481647 	3.09692e-05 	2
974.0 	0.00044372 	3.12982e-05 	2
975.0 	0.000482896 	3.0889e-05 	2
976.0 	0.000441268 	3.11166e-05 	2
977.0 	0.000484933 	3.08091e-05 	2
978.0 	0.000443968 	3.11434e-05 	2
979.0 	0.00048653 	3.0747e-05 	2
980.0 	0.000442057 	3.10101e-05 	2
981.0 	0.00048657 	3.06341e-05 	2
982.0 	0.000443307 	3.0932e-05 	2
983.0 	0.000483943 	3.04809e-05 	2
984.0 	0.000441872 	3.08546e-05 	2
985.0 	0.000485359 	3.03951e-05 	2
986.0 	0.000442666 	3.07597e-05 	2
987.0 	0.000484963 	3.03676e-05 	2
988.0 	0.000442273 	3.06833e-05 	2
989.0 	0.000485214 	3.02618e-05 	2
990.0 	0.000441193 	3.05875e-05 	2
991.0 	0.000484414 	3.02163e-05 	2
992.0 	0.000439923 	3.05179e-05 	2
993.0 	0.000486784 	3.01919e-05 	2
994.0 	0.00043948 	3.04116e-05 	2
995.0 	0.000485146 	3.00571e-05 	2
996.0 	0.000437939 	3.03247e-05 	2
997.0 	0.000487478 	3.00117e-05 	2
998.0 	0.00043686 	3.02147e-05 	2
999.0 	0.000484017 	2.99011e-05 	2
1000.0 	0.000434792 	3.00959e-05 	2
1001.0 	0.00048397 	2.97747e-05 	2
1002.0 	0.000433657 	3.00081e-05 	2
1003.0 	0.000483602 	2.97343e-05 	2
1004.0 	0.00043278 	2.99747e-05 	2
1005.0 	0.000484341 	2.96776e-05 	2
1006.0 	0.000433072 	2.99569e-05 	2
1007.0 	0.000485187 	2.96663e-05 	2
1008.0 	0.000433065 	2.98904e-05 	2
1009.0 	0.000486755 	2.95553e-05 	2
1010.0 	0.000433519 	2.97675e-05 	2
1011.0 	0.000484998 	2.9503e-05 	2
1012.0 	0.000433856 	2.97444e-05 	2
1013.0 	0.000487343 	2.94599e-05 	2
1014.0 	0.000435882 	2.97047e-05 	2
1015.0 	0.000488484 	2.94006e-05 	2
1016.0 	0.000436398 	2.96432e-05 	2
1017.0 	0.000489077 	2.93693e-05 	2
1018.0 	0.000437882 	2.9607e-05 	2
1019.0 	0.000489243 	2.92648e-05 	2
1020.0 	0.000436358 	2.95386e-05 	2
1021.0 	0.000490142 	2.92041e-05 	2
1022.0 	0.000436611 	2.94126e-05 	2
1023.0 	0.000488083 	2.91314e-05 	2
1024.0 	0.000436674 	2.93665e-05 	2
1025.0 	0.000487407 	2.90443e-05 	2
1026.0 	0.000436286 	2.93e-05 	2
1027.0 	0.000487946 	2.8934e-05 	2
1028.0 	0.000436523 	2.91897e-05 	2
1029.0 	0.000487583 	2.89141e-05 	2
1030.0 	0.000435768 	2.91202e-05 	2
1031.0 	0.00048643 	2.88067e-05 	2
1032.0 	0.000434177 	2.90216e-05 	2
1033.0 	0.000485873 	2.87162e-05 	2
1034.0 	0.000433672 	2.89501e-05 	2
1035.0 	0.000484997 	2.8633e-05 	2
1036.0 	0.000433635 	2.88822e-05 	2
1037.0 	0.000484969 	2.85513e-05 	2
1038.0 	0.000432672 	2.87911e-05 	2
1039.0 	0.000485597 	2.84967e-05 	2
1040.0 	0.000431853 	2.86736e-05 	2
1041.0 	0.000483741 	2.83872e-05 	2
1042.0 	0.000433463 	2.86129e-05 	2
1043.0 	0.000485327 	2.83515e-05 	2
1044.0 	0.000433163 	2.85784e-05 	2
1045.0 	0.000485692 	2.82284e-05 	2
1046.0 	0.000433269 	2.85315e-05 	2
1047.0 	0.000486315 	2.82327e-05 	2
1048.0 	0.000433479 	2.84348e-05 	2
1049.0 	0.000486451 	2.8129e-05 	2
1050.0 	0.000433768 	2.83485e-05 	2
1051.0 	0.000486621 	2.80615e-05 	2
1052.0 	0.000434104 	2.82638e-05 	2
1053.0 	0.000485309 	2.79516e-05 	2
1054.0 	0.000433413 	2.81604e-05 	2
1055.0 	0.000485233 	2.79104e-05 	2
1056.0 	0.000432676 	2.81001e-05 	2
1057.0 	0.000485495 	2.78039e-05 	2
1058.0 	0.000432581 	2.80235e-05 	2
1059.0 	0.000484703 	2.77062e-05 	2
1060.0 	0.000432776 	2.79868e-05 	2
1061.0 	0.000483588 	2.76253e-05 	2
1062.0 	0.000431151 	2.78374e-05 	2
1063.0 	0.000482129 	2.75218e-05 	2
1064.0 	0.000430072 	2.77815e-05 	2
1065.0 	0.000481771 	2.74698e-05 	2
1066.0 	0.000430658 	2.7713e-05 	2
1067.0 	0.000483045 	2.73909e-05 	2
1068.0 	0.000430175 	2.7606e-05 	2
1069.0 	0.000482774 	2.7265e-05 	2
1070.0 	0.000430368 	2.75362e-05 	2
1071.0 	0.000481491 	2.72084e-05 	2
1072.0 	0.000428804 	2.74271e-05 	2
1073.0 	0.000480722 	2.71365e-05 	2
1074.0 	0.000429435 	2.73849e-05 	2
1075.0 	0.000481454 	2.70323e-05 	2
1076.0 	0.000428063 	2.72848e-05 	2
1077.0 	0.000480516 	2.6964e-05 	2
1078.0 	0.000427797 	2.72509e-05 	2
1079.0 	0.000481522 	2.69539e-05 	2
1080.0 	0.000428963 	2.72026e-05 	2
1081.0 	0.000481101 	2.68453e-05 	2
1082.0 	0.000427822 	2.70915e-05 	2
1083.0 	0.000480507 	2.67162e-05 	2
1084.0 	0.000426302 	2.69617e-05 	2
1085.0 	0.000478956 	2.65909e-05 	2
1086.0 	0.000425259 	2.68206e-05 	2
1087.0 	0.000479227 	2.65949e-05 	2
1088.0 	0.000426053 	2.67819e-05 	2
1089.0 	0.000478045 	2.64559e-05 	2
1090.0 	0.000425195 	2.66657e-05 	2
1091.0 	0.000477148 	2.63859e-05 	2
1092.0 	0.000425069 	2.65879e-05 	2
1093.0 	0.000475997 	2.62602e-05 	2
1094.0 	0.000424515 	2.64939e-05 	2
1095.0 	0.000475844 	2.61824e-05 	2
1096.0 	0.000424027 	2.6421e-05 	2
1097.0 	0.000476717 	2.61529e-05 	2
1098.0 	0.000425704 	2.63759e-05 	2
1099.0 	0.000477527 	2.60369e-05 	2
1100.0 	0.00042495 	2.62637e-05 	2
1101.0 	0.000475231 	2.5939e-05 	2
1102.0 	0.000423174 	2.61697e-05 	2
1103.0 	0.000474543 	2.58854e-05 	2
1104.0 	0.000423984 	2.61069e-05 	2
1105.0 	0.000474316 	2.58295e-05 	2
1106.0 	0.000423984 	2.60329e-05 	2
1107.0 	0.000474193 	2.57135e-05 	2
1108.0 	0.000423922 	2.59637e-05 	2
1109.0 	0.000475255 	2.56695e-05 	2
1110.0 	0.000423138 	2.58504e-05 	2
1111.0 	0.000474335 	2.55594e-05 	2
1112.0 	0.000423427 	2.57791e-05 	2
1113.0 	0.000473728 	2.54819e-05 	2
1114.0 	0.000422039 	2.56922e-05 	2
1115.0 	0.000473093 	2.53786e-05 	2
1116.0 	0.000420971 	2.55928e-05 	2
1117.0 	0.000472781 	2.53153e-05 	2
1118.0 	0.000420902 	2.55412e-05 	2
1119.0 	0.000471278 	2.51954e-05 	2
1120.0 	0.00041916 	2.54352e-05 	2
1121.0 	0.000469381 	2.51183e-05 	2
1122.0 	0.000419239 	2.53819e-05 	2
1123.0 	0.000469988 	2.50436e-05 	2
1124.0 	0.000418753 	2.53025e-05 	2
1125.0 	0.000468937 	2.49099e-05 	2
1126.0 	0.000416993 	2.51434e-05 	2
1127.0 	0.000468323 	2.48494e-05 	2
1128.0 	0.000416591 	2.50551e-05 	2
1129.0 	0.000466968 	2.47792e-05 	2
1130.0 	0.000415929 	2.49393e-05 	2
1131.0 	0.000466208 	2.46717e-05 	2
1132.0 	0.000415772 	2.48837e-05 	2
1133.0 	0.000466046 	2.45849e-05 	2
1134.0 	0.000416705 	2.48429e-05 	2
1135.0 	0.000467252 	2.45437e-05 	2
1136.0 	0.000417004 	2.47675e-05 	2
1137.0 	0.000468096 	2.44361e-05 	2
1138.0 	0.000417677 	2.4686e-05 	2
1139.0 	0.000468421 	2.43815e-05 	2
1140.0 	0.000417567 	2.46163e-05 	2
1141.0 	0.000467758 	2.43146e-05 	2
1142.0 	0.000417926 	2.45697e-05 	2
1143.0 	0.00046664 	2.42523e-05 	2
1144.0 	0.000416677 	2.44933e-05 	2
1145.0 	0.00046574 	2.41595e-05 	2
1146.0 	0.000416613 	2.44071e-05 	2
1147.0 	0.000467109 	2.40856e-05 	2
1148.0 	0.000416256 	2.43397e-05 	2
1149.0 	0.000466434 	2.40036e-05 	2
1150.0 	0.000415509 	2.42355e-05 	2
1151.0 	0.000465773 	2.3931e-05 	2
1152.0 	0.000414978 	2.4171e-05 	2
1153.0 	0.000464914 	2.38336e-05 	2
1154.0 	0.000413902 	2.40666e-05 	2
1155.0 	0.000464322 	2.3719e-05 	2
1156.0 	0.000412522 	2.39613e-05 	2
1157.0 	0.000463834 	2.36536e-05 	2
1158.0 	0.000411991 	2.38793e-05 	2
1159.0 	0.000462515 	2.35535e-05 	2
1160.0 	0.00041132 	2.37874e-05 	2
1161.0 	0.000461252 	2.34557e-05 	2
1162.0 	0.000410711 	2.37061e-05 	2
1163.0 	0.000460833 	2.33558e-05 	2
1164.0 	0.000409895 	2.36269e-05 	2
1165.0 	0.000460334 	2.32755e-05 	2
1166.0 	0.000409791 	2.35174e-05 	2
1167.0 	0.000459624 	2.32347e-05 	2
1168.0 	0.000410014 	2.34908e-05 	2
1169.0 	0.000459756 	2.31701e-05 	2
1170.0 	0.000409934 	2.34365e-05 	2
1171.0 	0.000459967 	2.31075e-05 	2
1172.0 	0.00040893 	2.33384e-05 	2
1173.0 	0.000460433 	2.30484e-05 	2
1174.0 	0.000410125 	2.32984e-05 	2
1175.0 	0.000460634 	2.29404e-05 	2
1176.0 	0.000408769 	2.32185e-05 	2
1177.0 	0.000460399 	2.28802e-05 	2
1178.0 	0.000408428 	2.31312e-05 	2
1179.0 	0.000459113 	2.27854e-05 	2
1180.0 	0.000408148 	2.30384e-05 	2
1181.0 	0.000459155 	2.27583e-05 	2
1182.0 	0.000407692 	2.29526e-05 	2
1183.0 	0.000458699 	2.26625e-05 	2
1184.0 	0.000407411 	2.2911e-05 	2
1185.0 	0.000457955 	2.25894e-05 	2
1186.0 	0.000408238 	2.28757e-05 	2
1187.0 	0.000458938 	2.25406e-05 	2
1188.0 	0.000407341 	2.27584e-05 	2
1189.0 	0.000457974 	2.24271e-05 	2
1190.0 	0.000405884 	2.26434e-05 	2
1191.0 	0.000456012 	2.23621e-05 	2
1192.0 	0.000405724 	2.26432e-05 	2
1193.0 	0.000455776 	2.22754e-05 	2
1194.0 	0.000405339 	2.25386e-05 	2
1195.0 	0.000455374 	2.22337e-05 	2
1196.0 	0.000404787 	2.24624e-05 	2
1197.0 	0.000455039 	2.21562e-05 	2
1198.0 	0.000404824 	2.2377e-05 	2
1199.0 	0.000454839 	2.20692e-05 	2
1200.0 	0.000404233 	2.22807e-05 	2
1201.0 	0.000454514 	2.20353e-05 	2
1202.0 	0.00040478 	2.22592e-05 	2
1203.0 	0.000455201 	2.19922e-05 	2
1204.0 	0.00040488 	2.2201e-05 	2
1205.0 	0.000455806 	2.19214e-05 	2
1206.0 	0.00040386 	2.2102e-05 	2
1207.0 	0.000454347 	2.18423e-05 	2
1208.0 	0.000403541 	2.2048e-05 	2
1209.0 	0.000453454 	2.17734e-05 	2
1210.0 	0.000402935 	2.19905e-05 	2
1211.0 	0.000453547 	2.17124e-05 	2
1212.0 	0.000402838 	2.19199e-05 	2
1213.0 	0.000452829 	2.16286e-05 	2
1214.0 	0.000402114 	2.1804e-05 	2
1215.0 	0.00045201 	2.15716e-05 	2
1216.0 	0.000401699 	2.17917e-05 	2
1217.0 	0.000452682 	2.14888e-05 	2
1218.0 	0.000401395 	2.17396e-05 	2
1219.0 	0.000451959 	2.14164e-05 	2
1220.0 	0.000399958 	2.16053e-05 	2
1221.0 	0.000450898 	2.13392e-05 	2
1222.0 	0.000398719 	2.15479e-05 	2
1223.0 	0.000449375 	2.1274e-05 	2
1224.0 	0.000398634 	2.14878e-05 	2
1225.0 	0.000448798 	2.11735e-05 	2
1226.0 	0.000398173 	2.14045e-05 	2
1227.0 	0.000448617 	2.11115e-05 	2
1228.0 	0.000396829 	2.13036e-05 	2
1229.0 	0.000447042 	2.10344e-05 	2
1230.0 	0.000396793 	2.12679e-05 	2
1231.0 	0.000447198 	2.10032e-05 	2
1232.0 	0.000397138 	2.1207e-05 	2
1233.0 	0.000446995 	2.08993e-05 	2
1234.0 	0.000396733 	2.11448e-05 	2
1235.0 	0.000446798 	2.08628e-05 	2
1236.0 	0.00039673 	2.11045e-05 	2
1237.0 	0.000446886 	2.08095e-05 	2
1238.0 	0.000397143 	2.10327e-05 	2
1239.0 	0.000446854 	2.07525e-05 	2
1240.0 	0.000396367 	2.09523e-05 	2
1241.0 	0.000446068 	2.06973e-05 	2
1242.0 	0.000397462 	2.09591e-05 	2
1243.0 	0.000446364 	2.06771e-05 	2
1244.0 	0.00039732 	2.08871e-05 	2
1245.0 	0.000447416 	2.05809e-05 	2
1246.0 	0.000396186 	2.08188e-05 	2
1247.0 	0.000446557 	2.05344e-05 	2
1248.0 	0.000395466 	2.07605e-05 	2
1249.0 	0.000445648 	2.04786e-05 	2
1250.0 	0.000395249 	2.06607e-05 	2
1251.0 	0.000445004 	2.03876e-05 	2
1252.0 	0.000394017 	2.06152e-05 	2
1253.0 	0.000443746 	2.0298e-05 	2
1254.0 	0.000393841 	2.05611e-05 	2
1255.0 	0.00044443 	2.0308e-05 	2
1256.0 	0.000393977 	2.05102e-05 	2
1257.0 	0.000444912 	2.02281e-05 	2
1258.0 	0.000392579 	2.04321e-05 	2
1259.0 	0.000442915 	2.01408e-05 	2
1260.0 	0.000391526 	2.03471e-05 	2
1261.0 	0.000442245 	2.01025e-05 	2
1262.0 	0.000390593 	2.02688e-05 	2
1263.0 	0.000441217 	1.997e-05 	2
1264.0 	0.000388985 	2.02222e-05 	2
1265.0 	0.00043973 	1.99177e-05 	2
1266.0 	0.000389405 	2.01592e-05 	2
1267.0 	0.00043881 	1.98924e-05 	2
1268.0 	0.000388652 	2.00951e-05 	2
1269.0 	0.00043926 	1.97835e-05 	2
1270.0 	0.000387102 	2.00071e-05 	2
1271.0 	0.000437196 	1.97444e-05 	2
1272.0 	0.000387027 	1.99733e-05 	2
1273.0 	0.000437293 	1.96957e-05 	2
1274.0 	0.000388703 	1.99139e-05 	2
1275.0 	0.000439093 	1.96442e-05 	2
1276.0 	0.000387186 	1.98617e-05 	2
1277.0 	0.000438295 	1.96001e-05 	2
1278.0 	0.00038783 	1.9835e-05 	2
1279.0 	0.000438339 	1.95654e-05 	2
1280.0 	0.00038765 	1.97673e-05 	2
1281.0 	0.000437387 	1.94871e-05 	2
1282.0 	0.000387044 	1.97182e-05 	2
1283.0 	0.000436896 	1.94735e-05 	2
1284.0 	0.0003872 	1.9693e-05 	2
1285.0 	0.000436731 	1.93895e-05 	2
1286.0 	0.000386607 	1.95856e-05 	2
1287.0 	0.000437086 	1.93577e-05 	2
1288.0 	0.000385798 	1.95861e-05 	2
1289.0 	0.000436024 	1.93091e-05 	2
1290.0 	0.000386156 	1.94971e-05 	2
1291.0 	0.000435745 	1.92599e-05 	2
1292.0 	0.000386949 	1.9478e-05 	2
1293.0 	0.00043555 	1.91683e-05 	2
1294.0 	0.000384763 	1.94014e-05 	2
1295.0 	0.000433549 	1.91406e-05 	2
1296.0 	0.000384951 	1.9368e-05 	2
1297.0 	0.000433812 	1.90947e-05 	2
1298.0 	0.000384089 	1.92667e-05 	2
1299.0 	0.000433429 	1.90123e-05 	2
1300.0 	0.000382364 	1.92268e-05 	2
1301.0 	0.000432164 	1.89509e-05 	2
1302.0 	0.000382858 	1.91504e-05 	2
1303.0 	0.000431992 	1.89023e-05 	2
1304.0 	0.000383029 	1.91272e-05 	2
1305.0 	0.000432617 	1.88444e-05 	2
1306.0 	0.000381623 	1.90662e-05 	2
1307.0 	0.00043177 	1.88168e-05 	2
1308.0 	0.000381868 	1.90329e-05 	2
1309.0 	0.000431797 	1.87662e-05 	2
1310.0 	0.00038195 	1.89788e-05 	2
1311.0 	0.000430946 	1.87204e-05 	2
1312.0 	0.00038092 	1.89145e-05 	2
1313.0 	0.000429988 	1.86457e-05 	2
1314.0 	0.000381193 	1.88962e-05 	2
1315.0 	0.000430445 	1.86647e-05 	2
1316.0 	0.000381153 	1.88677e-05 	2
1317.0 	0.000431549 	1.85957e-05 	2
1318.0 	0.000380651 	1.88095e-05 	2
1319.0 	0.000430756 	1.85476e-05 	2
1320.0 	0.000380343 	1.87506e-05 	2
1321.0 	0.00043054 	1.85368e-05 	2
1322.0 	0.000381746 	1.87135e-05 	2
1323.0 	0.000430547 	1.84346e-05 	2
1324.0 	0.00038003 	1.8666e-05 	2
1325.0 	0.000429744 	1.83938e-05 	2
1326.0 	0.000380076 	1.86113e-05 	2
1327.0 	0.000430456 	1.83914e-05 	2
1328.0 	0.000380711 	1.85946e-05 	2
1329.0 	0.000430362 	1.82915e-05 	2
1330.0 	0.000379514 	1.85038e-05 	2
1331.0 	0.000429249 	1.82831e-05 	2
1332.0 	0.000379323 	1.84901e-05 	2
1333.0 	0.000429852 	1.8255e-05 	2
1334.0 	0.000379604 	1.84268e-05 	2
1335.0 	0.000429199 	1.81845e-05 	2
1336.0 	0.000378351 	1.84085e-05 	2
1337.0 	0.000428962 	1.81611e-05 	2
1338.0 	0.00037887 	1.8413e-05 	2
1339.0 	0.000428534 	1.8092e-05 	2
1340.0 	0.000378148 	1.83211e-05 	2
1341.0 	0.00042802 	1.80538e-05 	2
1342.0 	0.000376856 	1.82582e-05 	2
1343.0 	0.000426456 	1.8009e-05 	2
1344.0 	0.000376618 	1.82461e-05 	2
1345.0 	0.000427124 	1.79877e-05 	2
1346.0 	0.000378007 	1.82345e-05 	2
1347.0 	0.000426967 	1.79333e-05 	2
1348.0 	0.000377085 	1.81785e-05 	2
1349.0 	0.000427127 	1.78685e-05 	2
1350.0 	0.000376131 	1.80782e-05 	2
1351.0 	0.000426751 	1.78489e-05 	2
1352.0 	0.000375654 	1.8048e-05 	2
1353.0 	0.000425137 	1.7761e-05 	2
1354.0 	0.000375934 	1.80062e-05 	2
1355.0 	0.000425883 	1.77685e-05 	2
1356.0 	0.000375748 	1.79779e-05 	2
1357.0 	0.000426449 	1.77169e-05 	2
1358.0 	0.000375928 	1.79321e-05 	2
1359.0 	0.000425716 	1.76754e-05 	2
1360.0 	0.000375242 	1.78898e-05 	2
1361.0 	0.00042555 	1.76216e-05 	2
1362.0 	0.000374838 	1.78251e-05 	2
1363.0 	0.000424913 	1.76039e-05 	2
1364.0 	0.000375007 	1.78398e-05 	2
1365.0 	0.000425073 	1.7566e-05 	2
1366.0 	0.000374386 	1.7779e-05 	2
1367.0 	0.000425499 	1.755e-05 	2
1368.0 	0.000374624 	1.77653e-05 	2
1369.0 	0.000425916 	1.74838e-05 	2
1370.0 	0.000374276 	1.76805e-05 	2
1371.0 	0.000424425 	1.74585e-05 	2
1372.0 	0.000373528 	1.76682e-05 	2
1373.0 	0.000423319 	1.74136e-05 	2
1374.0 	0.000373316 	1.76182e-05 	2
1375.0 	0.000423002 	1.73738e-05 	2
1376.0 	0.000372946 	1.75979e-05 	2
1377.0 	0.000423636 	1.73276e-05 	2
1378.0 	0.000372776 	1.75685e-05 	2
1379.0 	0.000423576 	1.72853e-05 	2
1380.0 	0.000372503 	1.75137e-05 	2
1381.0 	0.000423262 	1.72197e-05 	2
1382.0 	0.000371805 	1.74287e-05 	2
1383.0 	0.000421471 	1.7201e-05 	2
1384.0 	0.000371382 	1.74218e-05 	2
1385.0 	0.000421201 	1.71655e-05 	2
1386.0 	0.000371353 	1.73938e-05 	2
1387.0 	0.000421797 	1.71449e-05 	2
1388.0 	0.000371153 	1.7366e-05 	2
1389.0 	0.00042195 	1.71001e-05 	2
1390.0 	0.000371317 	1.73336e-05 	2
1391.0 	0.000420982 	1.70769e-05 	2
1392.0 	0.000370922 	1.73038e-05 	2
1393.0 	0.000421368 	1.70361e-05 	2
1394.0 	0.00037076 	1.7271e-05 	2
1395.0 	0.000420954 	1.70555e-05 	2
1396.0 	0.000370657 	1.72658e-05 	2
1397.0 	0.000421539 	1.69947e-05 	2
1398.0 	0.000370622 	1.72228e-05 	2
1399.0 	0.00042176 	1.69788e-05 	2
1400.0 	0.000371114 	1.71947e-05 	2
1401.0 	0.000421984 	1.69689e-05 	2
1402.0 	0.000371409 	1.71497e-05 	2
1403.0 	0.000421095 	1.69173e-05 	2
1404.0 	0.000370705 	1.71518e-05 	2
1405.0 	0.00042117 	1.6882e-05 	2
1406.0 	0.000370383 	1.70842e-05 	2
1407.0 	0.000420276 	1.68259e-05 	2
1408.0 	0.000369445 	1.70399e-05 	2
1409.0 	0.000419931 	1.67766e-05 	2
1410.0 	0.000368727 	1.69751e-05 	2
1411.0 	0.000419158 	1.67127e-05 	2
1412.0 	0.000367892 	1.694e-05 	2
1413.0 	0.000418059 	1.66862e-05 	2
1414.0 	0.000367625 	1.68914e-05 	2
1415.0 	0.000417111 	1.66582e-05 	2
1416.0 	0.000366468 	1.68747e-05 	2
1417.0 	0.000417707 	1.65961e-05 	2
1418.0 	0.000365979 	1.68202e-05 	2
1419.0 	0.000416755 	1.65835e-05 	2
1420.0 	0.000365973 	1.67933e-05 	2
1421.0 	0.000416541 	1.65243e-05 	2
1422.0 	0.00036569 	1.67659e-05 	2
1423.0 	0.000416234 	1.64961e-05 	2
1424.0 	0.000365161 	1.67407e-05 	2
1425.0 	0.000414795 	1.64608e-05 	2
1426.0 	0.000364957 	1.67242e-05 	2
1427.0 	0.000415501 	1.64617e-05 	2
1428.0 	0.000364822 	1.67048e-05 	2
1429.0 	0.000416891 	1.64365e-05 	2
1430.0 	0.000365312 	1.66357e-05 	2
1431.0 	0.000415846 	1.64153e-05 	2
1432.0 	0.000365188 	1.66436e-05 	2
1433.0 	0.000415681 	1.6408e-05 	2
1434.0 	0.000365273 	1.66109e-05 	2
1435.0 	0.000416836 	1.63729e-05 	2
1436.0 	0.000365093 	1.66008e-05 	2
1437.0 	0.000416282 	1.63288e-05 	2
1438.0 	0.00036491 	1.65511e-05 	2
1439.0 	0.000416251 	1.63234e-05 	2
1440.0 	0.000365338 	1.65462e-05 	2
1441.0 	0.000415522 	1.62424e-05 	2
1442.0 	0.000365117 	1.6494e-05 	2
1443.0 	0.000415066 	1.62632e-05 	2
1444.0 	0.000365215 	1.65123e-05 	2
1445.0 	0.000415643 	1.62347e-05 	2
1446.0 	0.000365644 	1.64717e-05 	2
1447.0 	0.000416532 	1.62157e-05 	2
1448.0 	0.000364518 	1.64276e-05 	2
1449.0 	0.000415686 	1.61726e-05 	2
1450.0 	0.000364869 	1.63852e-05 	2
1451.0 	0.000415121 	1.61539e-05 	2
1452.0 	0.000363876 	1.63516e-05 	2
1453.0 	0.00041359 	1.61028e-05 	2
1454.0 	0.000363624 	1.6332e-05 	2
1455.0 	0.00041301 	1.60736e-05 	2
1456.0 	0.000362484 	1.63265e-05 	2
1457.0 	0.000412763 	1.6054e-05 	2
1458.0 	0.000362338 	1.62851e-05 	2
1459.0 	0.000414065 	1.60012e-05 	2
1460.0 	0.000361502 	1.62135e-05 	2
1461.0 	0.000412138 	1.59354e-05 	2
1462.0 	0.000361095 	1.61696e-05 	2
1463.0 	0.000411518 	1.59522e-05 	2
1464.0 	0.000360847 	1.61599e-05 	2
1465.0 	0.000411621 	1.59063e-05 	2
1466.0 	0.000360404 	1.61102e-05 	2
1467.0 	0.000411324 	1.58863e-05 	2
1468.0 	0.000360243 	1.60896e-05 	2
1469.0 	0.000411446 	1.5857e-05 	2
1470.0 	0.000360052 	1.60549e-05 	2
1471.0 	0.000411287 	1.57962e-05 	2
1472.0 	0.000359865 	1.60489e-05 	2
1473.0 	0.000410515 	1.5797e-05 	2
1474.0 	0.000359582 	1.59933e-05 	2
1475.0 	0.000409748 	1.57916e-05 	2
1476.0 	0.000359948 	1.60122e-05 	2
1477.0 	0.000410868 	1.57495e-05 	2
1478.0 	0.000359477 	1.59779e-05 	2
1479.0 	0.000411008 	1.57378e-05 	2
1480.0 	0.000359646 	1.5975e-05 	2
1481.0 	0.000411008 	1.57315e-05 	2
1482.0 	0.000359974 	1.59573e-05 	2
1483.0 	0.000411218 	1.56957e-05 	2
1484.0 	0.000359356 	1.59424e-05 	2
1485.0 	0.000410955 	1.56785e-05 	2
1486.0 	0.000359422 	1.58686e-05 	2
1487.0 	0.000411179 	1.56651e-05 	2
1488.0 	0.000359826 	1.58872e-05 	2
1489.0 	0.000411823 	1.56298e-05 	2
1490.0 	0.000359539 	1.58439e-05 	2
1491.0 	0.000411046 	1.56077e-05 	2
1492.0 	0.000359396 	1.58145e-05 	2
1493.0 	0.000409211 	1.55719e-05 	2
1494.0 	0.000359156 	1.5808e-05 	2
1495.0 	0.000409763 	1.55459e-05 	2
1496.0 	0.000358395 	1.58036e-05 	2
1497.0 	0.000409369 	1.55189e-05 	2
1498.0 	0.000358359 	1.57539e-05 	2
1499.0 	0.000409696 	1.55342e-05 	2
1500.0 	0.000358793 	1.57325e-05 	2
1501.0 	0.000410461 	1.54817e-05 	2
1502.0 	0.000358183 	1.56701e-05 	2
1503.0 	0.000409073 	1.5449e-05 	2
1504.0 	0.000356924 	1.56603e-05 	2
1505.0 	0.000407746 	1.54209e-05 	2
1506.0 	0.000357058 	1.56619e-05 	2
1507.0 	0.000408696 	1.53907e-05 	2
1508.0 	0.000356985 	1.56345e-05 	2
1509.0 	0.000408828 	1.53725e-05 	2
1510.0 	0.000356889 	1.55867e-05 	2
1511.0 	0.000408439 	1.53443e-05 	2
1512.0 	0.000356988 	1.56051e-05 	2
1513.0 	0.000407799 	1.53088e-05 	2
1514.0 	0.000356725 	1.55379e-05 	2
1515.0 	0.000407668 	1.53133e-05 	2
1516.0 	0.000356336 	1.55303e-05 	2
1517.0 	0.000407284 	1.5261e-05 	2
1518.0 	0.000356186 	1.5514e-05 	2
1519.0 	0.00040828 	1.52265e-05 	2
1520.0 	0.000355367 	1.54714e-05 	2
1521.0 	0.000406688 	1.51962e-05 	2
1522.0 	0.000354948 	1.54235e-05 	2
1523.0 	0.000406754 	1.52099e-05 	2
1524.0 	0.000355225 	1.5453e-05 	2
1525.0 	0.000407268 	1.51863e-05 	2
1526.0 	0.000355731 	1.53951e-05 	2
1527.0 	0.000407119 	1.5164e-05 	2
1528.0 	0.000354759 	1.53756e-05 	2
1529.0 	0.000406828 	1.51322e-05 	2
1530.0 	0.000354772 	1.53627e-05 	2
1531.0 	0.000407113 	1.5106e-05 	2
1532.0 	0.000353563 	1.53415e-05 	2
1533.0 	0.000405936 	1.50864e-05 	2
1534.0 	0.000353968 	1.53162e-05 	2
1535.0 	0.000406747 	1.51117e-05 	2
1536.0 	0.000354028 	1.53277e-05 	2
1537.0 	0.000406581 	1.50493e-05 	2
1538.0 	0.00035363 	1.52705e-05 	2
1539.0 	0.000407098 	1.50497e-05 	2
1540.0 	0.000353988 	1.52974e-05 	2
1541.0 	0.000406631 	1.50343e-05 	2
1542.0 	0.000353863 	1.52408e-05 	2
1543.0 	0.000406815 	1.49927e-05 	2
1544.0 	0.000353024 	1.52415e-05 	2
1545.0 	0.000405681 	1.49889e-05 	2
1546.0 	0.000353569 	1.5205e-05 	2
1547.0 	0.000406029 	1.49898e-05 	2
1548.0 	0.000354022 	1.5222e-05 	2
1549.0 	0.000406181 	1.49284e-05 	2
1550.0 	0.000353074 	1.51523e-05 	2
1551.0 	0.000405343 	1.49319e-05 	2
1552.0 	0.000353668 	1.51888e-05 	2
1553.0 	0.000404727 	1.49093e-05 	2
1554.0 	0.000353793 	1.5122e-05 	2
1555.0 	0.00040526 	1.48831e-05 	2
1556.0 	0.000352927 	1.51422e-05 	2
1557.0 	0.000404627 	1.48491e-05 	2
1558.0 	0.000353284 	1.50945e-05 	2
1559.0 	0.000404755 	1.48831e-05 	2
1560.0 	0.000353232 	1.50867e-05 	2
1561.0 	0.000404469 	1.47982e-05 	2
1562.0 	0.000352366 	1.50356e-05 	2
1563.0 	0.000403617 	1.4815e-05 	2
1564.0 	0.00035273 	1.50597e-05 	2
1565.0 	0.000403761 	1.48084e-05 	2
1566.0 	0.000352597 	1.50304e-05 	2
1567.0 	0.000404464 	1.47702e-05 	2
1568.0 	0.000351935 	1.50066e-05 	2
1569.0 	0.000403866 	1.47317e-05 	2
1570.0 	0.000351685 	1.49352e-05 	2
1571.0 	0.000403371 	1.47314e-05 	2
1572.0 	0.000352024 	1.49931e-05 	2
1573.0 	0.000403833 	1.46802e-05 	2
1574.0 	0.000350627 	1.48961e-05 	2
1575.0 	0.000403083 	1.4668e-05 	2
1576.0 	0.000350528 	1.48988e-05 	2
1577.0 	0.000403323 	1.46468e-05 	2
1578.0 	0.000350555 	1.48651e-05 	2
1579.0 	0.000403918 	1.46129e-05 	2
1580.0 	0.000350092 	1.48579e-05 	2
1581.0 	0.000402289 	1.45815e-05 	2
1582.0 	0.000349821 	1.48113e-05 	2
1583.0 	0.000401705 	1.45978e-05 	2
1584.0 	0.000349855 	1.48552e-05 	2
1585.0 	0.000402109 	1.45588e-05 	2
1586.0 	0.000349109 	1.47806e-05 	2
1587.0 	0.000401763 	1.45367e-05 	2
1588.0 	0.000349099 	1.48098e-05 	2
1589.0 	0.000401447 	1.45336e-05 	2
1590.0 	0.000348695 	1.47696e-05 	2
1591.0 	0.000401692 	1.45146e-05 	2
1592.0 	0.000348815 	1.47589e-05 	2
1593.0 	0.0004005 	1.44966e-05 	2
1594.0 	0.00034865 	1.47251e-05 	2
1595.0 	0.000400516 	1.44906e-05 	2
1596.0 	0.0003484 	1.47482e-05 	2
1597.0 	0.000401365 	1.44601e-05 	2
1598.0 	0.000348243 	1.47138e-05 	2
1599.0 	0.000400611 	1.44553e-05 	2
1600.0 	0.00034827 	1.47036e-05 	2
1601.0 	0.000401121 	1.44551e-05 	2
1602.0 	0.00034789 	1.46524e-05 	2
1603.0 	0.000401006 	1.43909e-05 	2
1604.0 	0.000347711 	1.46875e-05 	2
1605.0 	0.000400224 	1.44011e-05 	2
1606.0 	0.000347833 	1.4632e-05 	2
1607.0 	0.000400301 	1.44064e-05 	2
1608.0 	0.000348421 	1.46625e-05 	2
1609.0 	0.000401013 	1.43741e-05 	2
1610.0 	0.000348139 	1.4597e-05 	2
1611.0 	0.000400327 	1.43506e-05 	2
1612.0 	0.000347718 	1.46137e-05 	2
1613.0 	0.000399945 	1.43424e-05 	2
1614.0 	0.000347211 	1.4583e-05 	2
1615.0 	0.000400759 	1.43387e-05 	2
1616.0 	0.000347165 	1.45977e-05 	2
1617.0 	0.000400333 	1.43137e-05 	2
1618.0 	0.000347722 	1.45352e-05 	2
1619.0 	0.00039969 	1.43112e-05 	2
1620.0 	0.000347474 	1.45658e-05 	2
1621.0 	0.00040057 	1.42931e-05 	2
1622.0 	0.000347535 	1.45172e-05 	2
1623.0 	0.000399951 	1.42753e-05 	2
1624.0 	0.000347586 	1.45155e-05 	2
1625.0 	0.000400037 	1.42658e-05 	2
1626.0 	0.000347112 	1.44867e-05 	2
1627.0 	0.000399861 	1.42002e-05 	2
1628.0 	0.000346531 	1.44904e-05 	2
1629.0 	0.000398929 	1.42101e-05 	2
1630.0 	0.000346658 	1.44331e-05 	2
1631.0 	0.000398759 	1.41951e-05 	2
1632.0 	0.000345983 	1.44389e-05 	2
1633.0 	0.000398636 	1.41411e-05 	2
1634.0 	0.000345113 	1.43758e-05 	2
1635.0 	0.000398267 	1.41543e-05 	2
1636.0 	0.00034498 	1.43737e-05 	2
1637.0 	0.000397801 	1.41163e-05 	2
1638.0 	0.000345098 	1.4365e-05 	2
1639.0 	0.000398317 	1.41017e-05 	2
1640.0 	0.000344297 	1.43597e-05 	2
1641.0 	0.000397408 	1.40805e-05 	2
1642.0 	0.000344477 	1.43127e-05 	2
1643.0 	0.000397101 	1.40659e-05 	2
1644.0 	0.000343678 	1.43199e-05 	2
1645.0 	0.000397552 	1.40633e-05 	2
1646.0 	0.000344387 	1.431e-05 	2
1647.0 	0.000397501 	1.40474e-05 	2
1648.0 	0.000343727 	1.42734e-05 	2
1649.0 	0.000397289 	1.40536e-05 	2
1650.0 	0.00034377 	1.42862e-05 	2
1651.0 	0.000397833 	1.40191e-05 	2
1652.0 	0.000343339 	1.42839e-05 	2
1653.0 	0.000397341 	1.40243e-05 	2
1654.0 	0.000344205 	1.42545e-05 	2
1655.0 	0.000397587 	1.40201e-05 	2
1656.0 	0.000343248 	1.42663e-05 	2
1657.0 	0.000398155 	1.40155e-05 	2
1658.0 	0.000344166 	1.42374e-05 	2
1659.0 	0.000397495 	1.39658e-05 	2
1660.0 	0.000343472 	1.42259e-05 	2
1661.0 	0.000397406 	1.3976e-05 	2
1662.0 	0.000343493 	1.42164e-05 	2
1663.0 	0.000398375 	1.39358e-05 	2
1664.0 	0.00034307 	1.41937e-05 	2
1665.0 	0.000396993 	1.39307e-05 	2
1666.0 	0.000343524 	1.41696e-05 	2
1667.0 	0.000397033 	1.39136e-05 	2
1668.0 	0.000343015 	1.41961e-05 	2
1669.0 	0.000398192 	1.38989e-05 	2
1670.0 	0.000343714 	1.41425e-05 	2
1671.0 	0.000397382 	1.38943e-05 	2
1672.0 	0.000343144 	1.41314e-05 	2
1673.0 	0.000396952 	1.38817e-05 	2
1674.0 	0.000342937 	1.41319e-05 	2
1675.0 	0.000397839 	1.3863e-05 	2
1676.0 	0.00034284 	1.41482e-05 	2
1677.0 	0.000396402 	1.38547e-05 	2
1678.0 	0.000342582 	1.40883e-05 	2
1679.0 	0.000396605 	1.38623e-05 	2
1680.0 	0.000342123 	1.41232e-05 	2
1681.0 	0.000397719 	1.3847e-05 	2
1682.0 	0.000342321 	1.40902e-05 	2
1683.0 	0.000396742 	1.38205e-05 	2
1684.0 	0.000341592 	1.40588e-05 	2
1685.0 	0.000395734 	1.37969e-05 	2
1686.0 	0.000341697 	1.40435e-05 	2
1687.0 	0.000396295 	1.37623e-05 	2
1688.0 	0.000341217 	1.40199e-05 	2
1689.0 	0.000395104 	1.37627e-05 	2
1690.0 	0.000341318 	1.3976e-05 	2
1691.0 	0.000394771 	1.37137e-05 	2
1692.0 	0.000340614 	1.39785e-05 	2
1693.0 	0.0003957 	1.37041e-05 	2
1694.0 	0.000340397 	1.39397e-05 	2
1695.0 	0.000394959 	1.36847e-05 	2
1696.0 	0.000339562 	1.39135e-05 	2
1697.0 	0.000393989 	1.36774e-05 	2
1698.0 	0.000340011 	1.39236e-05 	2
1699.0 	0.000394088 	1.36409e-05 	2
1700.0 	0.000339035 	1.39199e-05 	2
1701.0 	0.000394108 	1.3661e-05 	2
1702.0 	0.000339819 	1.39142e-05 	2
1703.0 	0.000393982 	1.36476e-05 	2
1704.0 	0.000339696 	1.39155e-05 	2
1705.0 	0.000394423 	1.36481e-05 	2
1706.0 	0.000340221 	1.38818e-05 	2
1707.0 	0.000393763 	1.36352e-05 	2
1708.0 	0.000339602 	1.38982e-05 	2
1709.0 	0.000393837 	1.36456e-05 	2
1710.0 	0.000340068 	1.39061e-05 	2
1711.0 	0.000394931 	1.36408e-05 	2
1712.0 	0.000340087 	1.38888e-05 	2
1713.0 	0.000394419 	1.36192e-05 	2
1714.0 	0.000340134 	1.38714e-05 	2
1715.0 	0.000393829 	1.36136e-05 	2
1716.0 	0.000340458 	1.39178e-05 	2
1717.0 	0.000395454 	1.3613e-05 	2
1718.0 	0.00034118 	1.38577e-05 	2
1719.0 	0.000394387 	1.35969e-05 	2
1720.0 	0.000339859 	1.38427e-05 	2
1721.0 	0.000393992 	1.35721e-05 	2
1722.0 	0.000340066 	1.38603e-05 	2
1723.0 	0.000394842 	1.35459e-05 	2
1724.0 	0.000339862 	1.38205e-05 	2
1725.0 	0.000394201 	1.35421e-05 	2
1726.0 	0.000339829 	1.37603e-05 	2
1727.0 	0.000393502 	1.3538e-05 	2
1728.0 	0.000339342 	1.38037e-05 	2
1729.0 	0.000394109 	1.3502e-05 	2
1730.0 	0.000338836 	1.37628e-05 	2
1731.0 	0.000394029 	1.34994e-05 	2
1732.0 	0.000338559 	1.37692e-05 	2
1733.0 	0.000393669 	1.34684e-05 	2
1734.0 	0.000338184 	1.37523e-05 	2
1735.0 	0.000393919 	1.34736e-05 	2
1736.0 	0.000338435 	1.37559e-05 	2
1737.0 	0.000392485 	1.34385e-05 	2
1738.0 	0.000337632 	1.36886e-05 	2
1739.0 	0.000391698 	1.34252e-05 	2
1740.0 	0.000337033 	1.37138e-05 	2
1741.0 	0.000392234 	1.34285e-05 	2
1742.0 	0.000337496 	1.36698e-05 	2
1743.0 	0.000392399 	1.34231e-05 	2
1744.0 	0.000336887 	1.36557e-05 	2
1745.0 	0.000391609 	1.33783e-05 	2
1746.0 	0.000336579 	1.36408e-05 	2
1747.0 	0.000391997 	1.33772e-05 	2
1748.0 	0.000336154 	1.36305e-05 	2
1749.0 	0.000391417 	1.33568e-05 	2
1750.0 	0.000336119 	1.36037e-05 	2
1751.0 	0.000390352 	1.33515e-05 	2
1752.0 	0.000335728 	1.36068e-05 	2
1753.0 	0.00039125 	1.33479e-05 	2
1754.0 	0.00033598 	1.35645e-05 	2
1755.0 	0.000390878 	1.33419e-05 	2
1756.0 	0.000335471 	1.35908e-05 	2
1757.0 	0.000390386 	1.3324e-05 	2
1758.0 	0.00033569 	1.35814e-05 	2
1759.0 	0.000391346 	1.33176e-05 	2
1760.0 	0.000335668 	1.35675e-05 	2
1761.0 	0.000390281 	1.33084e-05 	2
1762.0 	0.000335027 	1.3542e-05 	2
1763.0 	0.00038979 	1.33269e-05 	2
1764.0 	0.000335456 	1.35912e-05 	2
1765.0 	0.000390936 	1.3296e-05 	2
1766.0 	0.000336209 	1.35372e-05 	2
1767.0 	0.000389923 	1.33015e-05 	2
1768.0 	0.000335767 	1.35469e-05 	2
1769.0 	0.000390112 	1.32886e-05 	2
1770.0 	0.000335467 	1.3548e-05 	2
1771.0 	0.000391387 	1.32746e-05 	2
1772.0 	0.000336142 	1.35662e-05 	2
1773.0 	0.000390639 	1.3276e-05 	2
1774.0 	0.000335344 	1.34851e-05 	2
1775.0 	0.000389552 	1.32407e-05 	2
1776.0 	0.000334973 	1.35317e-05 	2
1777.0 	0.000390417 	1.32525e-05 	2
1778.0 	0.000335882 	1.34865e-05 	2
1779.0 	0.000389806 	1.32339e-05 	2
1780.0 	0.000335566 	1.35097e-05 	2
1781.0 	0.000390073 	1.32161e-05 	2
1782.0 	0.000335388 	1.34665e-05 	2
1783.0 	0.000389808 	1.31877e-05 	2
1784.0 	0.000335159 	1.34699e-05 	2
1785.0 	0.000388966 	1.31814e-05 	2
1786.0 	0.000335019 	1.34338e-05 	2
1787.0 	0.000388784 	1.31625e-05 	2
1788.0 	0.000334822 	1.34632e-05 	2
1789.0 	0.000389436 	1.31601e-05 	2
1790.0 	0.000334576 	1.34105e-05 	2
1791.0 	0.000389787 	1.31628e-05 	2
1792.0 	0.000333878 	1.34072e-05 	2
1793.0 	0.000388468 	1.31164e-05 	2
1794.0 	0.000333388 	1.33927e-05 	2
1795.0 	0.000388881 	1.31347e-05 	2
1796.0 	0.000334311 	1.34118e-05 	2
1797.0 	0.00038837 	1.31161e-05 	2
1798.0 	0.00033327 	1.33652e-05 	2
1799.0 	0.000387833 	1.3105e-05 	2
1800.0 	0.000332959 	1.34037e-05 	2
1801.0 	0.000388792 	1.30939e-05 	2
1802.0 	0.000333387 	1.33372e-05 	2
1803.0 	0.000388447 	1.30833e-05 	2
1804.0 	0.00033253 	1.33429e-05 	2
1805.0 	0.000387477 	1.30596e-05 	2
1806.0 	0.00033268 	1.33408e-05 	2
1807.0 	0.000388149 	1.30684e-05 	2
1808.0 	0.000332953 	1.33299e-05 	2
1809.0 	0.000387868 	1.30446e-05 	2
1810.0 	0.000332153 	1.32873e-05 	2
1811.0 	0.000387279 	1.30478e-05 	2
1812.0 	0.000331901 	1.33118e-05 	2
1813.0 	0.000387583 	1.30251e-05 	2
1814.0 	0.000332611 	1.32695e-05 	2
1815.0 	0.000387103 	1.30211e-05 	2
1816.0 	0.000331872 	1.32897e-05 	2
1817.0 	0.000386649 	1.29993e-05 	2
1818.0 	0.000332312 	1.32673e-05 	2
1819.0 	0.000386983 	1.29955e-05 	2
1820.0 	0.000332218 	1.3276e-05 	2
1821.0 	0.000386618 	1.29921e-05 	2
1822.0 	0.000331685 	1.32488e-05 	2
1823.0 	0.000386284 	1.29972e-05 	2
1824.0 	0.00033209 	1.32896e-05 	2
1825.0 	0.000387357 	1.29928e-05 	2
1826.0 	0.000332399 	1.32532e-05 	2
1827.0 	0.000386676 	1.29956e-05 	2
1828.0 	0.000331722 	1.32703e-05 	2
1829.0 	0.00038679 	1.29835e-05 	2
1830.0 	0.000331695 	1.32541e-05 	2
1831.0 	0.000387362 	1.29873e-05 	2
1832.0 	0.000332046 	1.32373e-05 	2
1833.0 	0.000386799 	1.29825e-05 	2
1834.0 	0.000331526 	1.32056e-05 	2
1835.0 	0.000386522 	1.29474e-05 	2
1836.0 	0.000331398 	1.32275e-05 	2
1837.0 	0.000387206 	1.2968e-05 	2
1838.0 	0.000332301 	1.31997e-05 	2
1839.0 	0.000387126 	1.29398e-05 	2
1840.0 	0.000331852 	1.31692e-05 	2
1841.0 	0.000386641 	1.28904e-05 	2
1842.0 	0.000330686 	1.3158e-05 	2
1843.0 	0.000386938 	1.28921e-05 	2
1844.0 	0.000330654 	1.31531e-05 	2
1845.0 	0.000385683 	1.28734e-05 	2
1846.0 	0.000330372 	1.31373e-05 	2
1847.0 	0.000385424 	1.28555e-05 	2
1848.0 	0.000329553 	1.31353e-05 	2
1849.0 	0.000386134 	1.28455e-05 	2
1850.0 	0.000330186 	1.31e-05 	2
1851.0 	0.000385136 	1.28401e-05 	2
1852.0 	0.000329432 	1.31073e-05 	2
1853.0 	0.000384858 	1.28427e-05 	2
1854.0 	0.000329401 	1.31033e-05 	2
1855.0 	0.000385522 	1.283e-05 	2
1856.0 	0.000329846 	1.31166e-05 	2
1857.0 	0.000385163 	1.28387e-05 	2
1858.0 	0.000329342 	1.3081e-05 	2
1859.0 	0.000384902 	1.28212e-05 	2
1860.0 	0.000328573 	1.30998e-05 	2
1861.0 	0.000385437 	1.28234e-05 	2
1862.0 	0.000329553 	1.30743e-05 	2
1863.0 	0.00038477 	1.28072e-05 	2
1864.0 	0.000328476 	1.30598e-05 	2
1865.0 	0.000384318 	1.27755e-05 	2
1866.0 	0.000328201 	1.30342e-05 	2
1867.0 	0.000384761 	1.27623e-05 	2
1868.0 	0.000328505 	1.30407e-05 	2
1869.0 	0.000384122 	1.27566e-05 	2
1870.0 	0.000327958 	1.30068e-05 	2
1871.0 	0.00038398 	1.27407e-05 	2
1872.0 	0.000327926 	1.30239e-05 	2
1873.0 	0.00038377 	1.27209e-05 	2
1874.0 	0.000327923 	1.29651e-05 	2
1875.0 	0.000383217 	1.27248e-05 	2
1876.0 	0.000327523 	1.29955e-05 	2
1877.0 	0.000383358 	1.27228e-05 	2
1878.0 	0.000327927 	1.29964e-05 	2
1879.0 	0.000384191 	1.27211e-05 	2
1880.0 	0.000327777 	1.29953e-05 	2
1881.0 	0.000383336 	1.27097e-05 	2
1882.0 	0.000327438 	1.29745e-05 	2
1883.0 	0.000383123 	1.27304e-05 	2
1884.0 	0.000327144 	1.30006e-05 	2
1885.0 	0.000383564 	1.27315e-05 	2
1886.0 	0.000327709 	1.2989e-05 	2
1887.0 	0.000383421 	1.27135e-05 	2
1888.0 	0.000327661 	1.29985e-05 	2
1889.0 	0.000383167 	1.27008e-05 	2
1890.0 	0.000327961 	1.29681e-05 	2
1891.0 	0.000383635 	1.26907e-05 	2
1892.0 	0.000328311 	1.29937e-05 	2
1893.0 	0.00038405 	1.26735e-05 	2
1894.0 	0.0003282 	1.29643e-05 	2
1895.0 	0.000383699 	1.26701e-05 	2
1896.0 	0.000327931 	1.29488e-05 	2
1897.0 	0.000383506 	1.2641e-05 	2
1898.0 	0.000327489 	1.28999e-05 	2
1899.0 	0.000382922 	1.26172e-05 	2
1900.0 	0.000326856 	1.29202e-05 	2
1901.0 	0.000382284 	1.2626e-05 	2
1902.0 	0.000326979 	1.28892e-05 	2
1903.0 	0.000383 	1.26145e-05 	2
1904.0 	0.000326677 	1.28899e-05 	2
1905.0 	0.000382077 	1.25901e-05 	2
1906.0 	0.000326494 	1.2881e-05 	2
1907.0 	0.000382549 	1.25814e-05 	2
1908.0 	0.000326345 	1.29038e-05 	2
1909.0 	0.000382138 	1.25865e-05 	2
1910.0 	0.000325848 	1.28424e-05 	2
1911.0 	0.000381947 	1.2571e-05 	2
1912.0 	0.000325413 	1.28777e-05 	2
1913.0 	0.0003818 	1.2568e-05 	2
1914.0 	0.000325683 	1.28451e-05 	2
1915.0 	0.000382538 	1.25793e-05 	2
1916.0 	0.000325668 	1.28502e-05 	2
1917.0 	0.000382258 	1.25548e-05 	2
1918.0 	0.000325361 	1.28264e-05 	2
1919.0 	0.000381746 	1.25426e-05 	2
1920.0 	0.000324447 	1.28104e-05 	2
1921.0 	0.000380814 	1.25328e-05 	2
1922.0 	0.000324865 	1.27828e-05 	2
1923.0 	0.000380817 	1.25219e-05 	2
1924.0 	0.000324319 	1.28052e-05 	2
1925.0 	0.000380613 	1.24985e-05 	2
1926.0 	0.000324562 	1.27825e-05 	2
1927.0 	0.000381378 	1.24978e-05 	2
1928.0 	0.000324973 	1.28035e-05 	2
1929.0 	0.000380741 	1.24639e-05 	2
1930.0 	0.000323747 	1.27441e-05 	2
1931.0 	0.000379945 	1.24728e-05 	2
1932.0 	0.000324061 	1.27789e-05 	2
1933.0 	0.000379435 	1.24713e-05 	2
1934.0 	0.000323937 	1.27305e-05 	2
1935.0 	0.000379762 	1.24681e-05 	2
1936.0 	0.000323527 	1.27742e-05 	2
1937.0 	0.000379374 	1.2458e-05 	2
1938.0 	0.000323906 	1.27535e-05 	2
1939.0 	0.00037973 	1.24811e-05 	2
1940.0 	0.000324329 	1.27756e-05 	2
1941.0 	0.000379964 	1.24724e-05 	2
1942.0 	0.000324119 	1.27554e-05 	2
1943.0 	0.000380031 	1.24588e-05 	2
1944.0 	0.000324158 	1.27715e-05 	2
1945.0 	0.000379909 	1.24799e-05 	2
1946.0 	0.000324525 	1.27317e-05 	2
1947.0 	0.000380125 	1.24457e-05 	2
1948.0 	0.000323796 	1.27436e-05 	2
1949.0 	0.00037986 	1.24586e-05 	2
1950.0 	0.000324411 	1.27504e-05 	2
1951.0 	0.000380966 	1.24551e-05 	2
1952.0 	0.000324932 	1.27373e-05 	2
1953.0 	0.000381066 	1.23985e-05 	2
1954.0 	0.000323445 	1.26932e-05 	2
1955.0 	0.0003802 	1.2401e-05 	2
1956.0 	0.000323839 	1.26975e-05 	2
1957.0 	0.000380276 	1.24196e-05 	2
1958.0 	0.000323673 	1.2665e-05 	2
1959.0 	0.00037979 	1.23717e-05 	2
1960.0 	0.000322536 	1.26848e-05 	2
1961.0 	0.000379062 	1.23539e-05 	2
1962.0 	0.000322836 	1.26473e-05 	2
1963.0 	0.000379354 	1.23549e-05 	2
1964.0 	0.000322789 	1.26606e-05 	2
1965.0 	0.000379006 	1.23345e-05 	2
1966.0 	0.000322098 	1.2632e-05 	2
1967.0 	0.000378624 	1.23462e-05 	2
1968.0 	0.00032194 	1.26234e-05 	2
1969.0 	0.000377993 	1.2311e-05 	2
1970.0 	0.000321608 	1.26124e-05 	2
1971.0 	0.000378095 	1.23046e-05 	2
1972.0 	0.000320819 	1.26049e-05 	2
1973.0 	0.000377525 	1.23115e-05 	2
1974.0 	0.000321487 	1.25999e-05 	2
1975.0 	0.000378461 	1.23062e-05 	2
1976.0 	0.000321302 	1.25971e-05 	2
1977.0 	0.000377881 	1.22855e-05 	2
1978.0 	0.000320608 	1.2563e-05 	2
1979.0 	0.000377191 	1.22785e-05 	2
1980.0 	0.000321027 	1.25962e-05 	2
1981.0 	0.000377315 	1.22757e-05 	2
1982.0 	0.000321023 	1.25478e-05 	2
1983.0 	0.000377263 	1.22735e-05 	2
1984.0 	0.000320772 	1.25704e-05 	2
1985.0 	0.000377067 	1.22515e-05 	2
1986.0 	0.000320126 	1.25375e-05 	2
1987.0 	0.000376908 	1.22539e-05 	2
1988.0 	0.000320565 	1.25472e-05 	2
1989.0 	0.000376939 	1.2275e-05 	2
1990.0 	0.000320594 	1.2543e-05 	2
1991.0 	0.000377641 	1.22465e-05 	2
1992.0 	0.000320601 	1.25609e-05 	2
1993.0 	0.000377035 	1.22425e-05 	2
1994.0 	0.000321114 	1.25276e-05 	2
1995.0 	0.000377287 	1.22509e-05 	2
1996.0 	0.000320722 	1.25391e-05 	2
1997.0 	0.000376543 	1.22225e-05 	2
1998.0 	0.000320625 	1.25406e-05 	2
1999.0 	0.00037748 	1.2255e-05 	2
2000.0 	0.000321295 	1.25582e-05 	2
