# time 	Initial 	Final 	Iterations
121.0 	0.010507 	0.000270336 	2
122.0 	0.0103424 	0.00023625 	2
123.0 	0.0103211 	0.000231208 	2
124.0 	0.010218 	0.000235591 	2
125.0 	0.01013 	0.000224423 	2
126.0 	0.0100171 	0.000203858 	2
127.0 	0.0103061 	0.000264656 	2
128.0 	0.00990876 	0.000216959 	2
129.0 	0.00984185 	0.00021317 	2
130.0 	0.00971695 	0.000218994 	2
131.0 	0.00968438 	0.00025184 	2
132.0 	0.00958457 	0.000215131 	2
133.0 	0.00955498 	0.000216892 	2
134.0 	0.00947944 	0.000219595 	2
135.0 	0.00943322 	0.000208318 	2
136.0 	0.00934328 	0.000196429 	2
137.0 	0.00929106 	0.000226209 	2
138.0 	0.00924053 	0.000205392 	2
139.0 	0.00922466 	0.000222425 	2
140.0 	0.00913577 	0.000200398 	2
141.0 	0.00915965 	0.000256982 	2
142.0 	0.0090352 	0.000201338 	2
143.0 	0.00908671 	0.000206975 	2
144.0 	0.00952731 	0.000205013 	2
145.0 	0.00899803 	0.000193186 	2
146.0 	0.00880877 	0.000173513 	2
147.0 	0.00876339 	0.000210566 	2
148.0 	0.00864356 	0.000186452 	2
149.0 	0.00860425 	0.00024403 	2
150.0 	0.00846974 	0.000197639 	2
151.0 	0.00842649 	0.000177453 	2
152.0 	0.00834286 	0.000184615 	2
153.0 	0.00832999 	0.000189016 	2
154.0 	0.00819897 	0.000177318 	2
155.0 	0.00814109 	0.000168893 	2
156.0 	0.00805995 	0.000196083 	2
157.0 	0.00801955 	0.000160208 	2
158.0 	0.00792575 	0.000167303 	2
159.0 	0.00789946 	0.000175106 	2
160.0 	0.00783149 	0.000182884 	2
161.0 	0.00774933 	0.000175779 	2
162.0 	0.0076673 	0.000167258 	2
163.0 	0.00759624 	0.000170968 	2
164.0 	0.00753018 	0.000186634 	2
165.0 	0.00745871 	0.000178898 	2
166.0 	0.00741157 	0.000161864 	2
167.0 	0.00732921 	0.000171485 	2
168.0 	0.00727751 	0.000178312 	2
169.0 	0.00721584 	0.000170534 	2
170.0 	0.00715481 	0.000156067 	2
171.0 	0.00711811 	0.000185438 	2
172.0 	0.00707023 	0.000181053 	2
173.0 	0.00701538 	0.000154463 	2
174.0 	0.00695213 	0.000157723 	2
175.0 	0.00691526 	0.0001679 	2
176.0 	0.00686413 	0.000178661 	2
177.0 	0.00682611 	0.000172434 	2
178.0 	0.00677075 	0.000160221 	2
179.0 	0.00671194 	0.000184568 	2
180.0 	0.00666258 	0.000184388 	2
181.0 	0.00662963 	0.000214106 	2
182.0 	0.00658647 	0.000174564 	2
183.0 	0.00649472 	0.000159533 	2
184.0 	0.00646915 	0.000164921 	2
185.0 	0.00641533 	0.000175731 	2
186.0 	0.00638758 	0.000168283 	2
187.0 	0.00634222 	0.000161157 	2
188.0 	0.00634715 	0.000180127 	2
189.0 	0.00630931 	0.000178854 	2
190.0 	0.00625373 	0.000193941 	2
191.0 	0.00619676 	0.000184452 	2
192.0 	0.00615813 	0.000151053 	2
193.0 	0.00606961 	0.000170082 	2
194.0 	0.00602584 	0.000174396 	2
195.0 	0.00598412 	0.000163219 	2
196.0 	0.00597406 	0.000162469 	2
197.0 	0.00693546 	0.000197206 	2
198.0 	0.00624029 	0.000175894 	2
199.0 	0.00604066 	0.000193637 	2
200.0 	0.00604672 	0.000184245 	2
201.0 	0.00587476 	0.000150208 	2
202.0 	0.00578874 	0.000192032 	2
203.0 	0.00573378 	0.000200807 	2
204.0 	0.00567525 	0.00018001 	2
205.0 	0.00564406 	0.000161143 	2
206.0 	0.00557837 	0.000182079 	2
207.0 	0.00554549 	0.000189474 	2
208.0 	0.00548454 	0.000184843 	2
209.0 	0.00548811 	0.00017743 	2
210.0 	0.00542422 	0.00018038 	2
211.0 	0.00543199 	0.000184796 	2
212.0 	0.00538377 	0.000184194 	2
213.0 	0.00535017 	0.000180162 	2
214.0 	0.00525955 	0.000178928 	2
215.0 	0.00523279 	0.000178102 	2
216.0 	0.00517464 	0.000176997 	2
217.0 	0.00517393 	0.000176334 	2
218.0 	0.00510049 	0.000175675 	2
219.0 	0.00509754 	0.000174277 	2
220.0 	0.00504982 	0.00017259 	2
221.0 	0.00504903 	0.000172562 	2
222.0 	0.00500974 	0.000143403 	2
223.0 	0.00496078 	0.00015609 	2
224.0 	0.00491684 	0.000112067 	2
225.0 	0.00489442 	0.000133599 	2
226.0 	0.00486093 	0.000131021 	2
227.0 	0.00486019 	0.000137428 	2
228.0 	0.00480182 	0.000163641 	2
229.0 	0.00480382 	0.000176645 	2
230.0 	0.00475627 	0.00017804 	2
231.0 	0.00475075 	0.000182378 	2
232.0 	0.00469653 	0.00018688 	2
233.0 	0.00467369 	0.000187461 	2
234.0 	0.00461521 	0.000185024 	2
235.0 	0.0045938 	0.000181899 	2
236.0 	0.00459462 	0.000177428 	2
237.0 	0.00454506 	0.000176665 	2
238.0 	0.00449756 	0.000176306 	2
239.0 	0.00448531 	0.00017687 	2
240.0 	0.00444793 	0.000174592 	2
241.0 	0.00443445 	0.000174049 	2
242.0 	0.00438531 	0.00017395 	2
243.0 	0.00436602 	0.000175261 	2
244.0 	0.00431416 	0.000173338 	2
245.0 	0.00429985 	0.000173755 	2
246.0 	0.00424281 	0.000174982 	2
247.0 	0.00422969 	0.000177559 	2
248.0 	0.00418016 	0.000176846 	2
249.0 	0.00416833 	0.00017832 	2
250.0 	0.00412248 	0.000179201 	2
251.0 	0.00411132 	0.000182168 	2
252.0 	0.00407843 	0.000181149 	2
253.0 	0.00406956 	0.000183275 	2
254.0 	0.00404235 	0.000182624 	2
255.0 	0.00402709 	0.000184783 	2
256.0 	0.00398441 	0.000182794 	2
257.0 	0.0039775 	0.000183525 	2
258.0 	0.00393254 	0.00018226 	2
259.0 	0.0039194 	0.000184364 	2
260.0 	0.00388076 	0.000182396 	2
261.0 	0.00387124 	0.000184045 	2
262.0 	0.00383071 	0.000182432 	2
263.0 	0.00382368 	0.000185421 	2
264.0 	0.0037879 	0.000183018 	2
265.0 	0.00377192 	0.000184851 	2
266.0 	0.00373574 	0.000183211 	2
267.0 	0.00371872 	0.00018565 	2
268.0 	0.0036941 	0.000181966 	2
269.0 	0.00368127 	0.000183791 	2
270.0 	0.00365325 	0.000181331 	2
271.0 	0.00363662 	0.000183154 	2
272.0 	0.00361784 	0.000179355 	2
273.0 	0.00360145 	0.000181334 	2
274.0 	0.00357693 	0.000178586 	2
275.0 	0.00355823 	0.000180814 	2
276.0 	0.00353188 	0.000177331 	2
277.0 	0.00351052 	0.000179552 	2
278.0 	0.00348499 	0.000176839 	2
279.0 	0.00345894 	0.000179202 	2
280.0 	0.00349456 	0.000175955 	2
281.0 	0.00342435 	0.000176599 	2
282.0 	0.00340274 	0.000174344 	2
283.0 	0.0033791 	0.000177261 	2
284.0 	0.00336612 	0.000173554 	2
285.0 	0.00334023 	0.000175808 	2
286.0 	0.00332177 	0.000172373 	2
287.0 	0.00329929 	0.000174754 	2
288.0 	0.00328081 	0.000170894 	2
289.0 	0.00325903 	0.000173205 	2
290.0 	0.00324006 	0.000170183 	2
291.0 	0.00321167 	0.000172759 	2
292.0 	0.00319976 	0.000169039 	2
293.0 	0.0031732 	0.000171752 	2
294.0 	0.00315794 	0.000168468 	2
295.0 	0.00312689 	0.000171395 	2
296.0 	0.00311352 	0.000167651 	2
297.0 	0.00309139 	0.000170348 	2
298.0 	0.00307672 	0.000167021 	2
299.0 	0.00307302 	0.000170102 	2
300.0 	0.00305992 	0.000166386 	2
301.0 	0.00304809 	0.000169729 	2
302.0 	0.00301912 	0.000166358 	2
303.0 	0.0030057 	0.000169958 	2
304.0 	0.00298531 	0.000166376 	2
305.0 	0.00297175 	0.0001692 	2
306.0 	0.00291956 	0.000164333 	2
307.0 	0.00291002 	0.00016745 	2
308.0 	0.0028816 	0.000162418 	2
309.0 	0.00284706 	0.000165967 	2
310.0 	0.00281717 	0.000160935 	2
311.0 	0.00281905 	0.000165161 	2
312.0 	0.00280605 	0.000160126 	2
313.0 	0.00280347 	0.000164501 	2
314.0 	0.00277674 	0.000159615 	2
315.0 	0.00276064 	0.000164132 	2
316.0 	0.0027466 	0.000158203 	2
317.0 	0.00275392 	0.000165938 	2
318.0 	0.00271991 	0.000160181 	2
319.0 	0.00269837 	0.000164446 	2
320.0 	0.00268003 	0.00015929 	2
321.0 	0.00267415 	0.00016423 	2
322.0 	0.00265219 	0.000158472 	2
323.0 	0.00263322 	0.000163171 	2
324.0 	0.00263005 	0.000157247 	2
325.0 	0.00263569 	0.00016465 	2
326.0 	0.00260628 	0.00015864 	2
327.0 	0.00257619 	0.000163203 	2
328.0 	0.00256579 	0.00015793 	2
329.0 	0.00255023 	0.000162662 	2
330.0 	0.00253771 	0.000157034 	2
331.0 	0.00251586 	0.000161897 	2
332.0 	0.00251335 	0.000156062 	2
333.0 	0.00251391 	0.000163163 	2
334.0 	0.00248916 	0.000156932 	2
335.0 	0.00245697 	0.000161527 	2
336.0 	0.00245334 	0.000156079 	2
337.0 	0.00243402 	0.00016087 	2
338.0 	0.00242706 	0.000155269 	2
339.0 	0.0024025 	0.000160845 	2
340.0 	0.00241518 	0.000154592 	2
341.0 	0.00241453 	0.000162348 	2
342.0 	0.00239419 	0.000155938 	2
343.0 	0.00236027 	0.000159992 	2
344.0 	0.00235725 	0.000154819 	2
345.0 	0.00233544 	0.000159644 	2
346.0 	0.00233646 	0.000153782 	2
347.0 	0.00230565 	0.000158873 	2
348.0 	0.00232235 	0.000152794 	2
349.0 	0.00231334 	0.000160139 	2
350.0 	0.00230472 	0.000153795 	2
351.0 	0.00226357 	0.000158113 	2
352.0 	0.00227557 	0.000152719 	2
353.0 	0.00224796 	0.000157508 	2
354.0 	0.00226064 	0.000151105 	2
355.0 	0.00224474 	0.000157977 	2
356.0 	0.00224622 	0.00015246 	2
357.0 	0.00220903 	0.000156393 	2
358.0 	0.0022116 	0.000151496 	2
359.0 	0.0021799 	0.000155783 	2
360.0 	0.00219745 	0.000151183 	2
361.0 	0.00216445 	0.000155057 	2
362.0 	0.00218591 	0.000150262 	2
363.0 	0.00215751 	0.00015504 	2
364.0 	0.00217869 	0.00015115 	2
365.0 	0.00214148 	0.000154669 	2
366.0 	0.00215616 	0.00015047 	2
367.0 	0.00211372 	0.000154611 	2
368.0 	0.00214002 	0.000150051 	2
369.0 	0.00210454 	0.000153936 	2
370.0 	0.00212495 	0.000148512 	2
371.0 	0.00207475 	0.000153001 	2
372.0 	0.002105 	0.000148051 	2
373.0 	0.00206188 	0.000152026 	2
374.0 	0.0020856 	0.000147224 	2
375.0 	0.00204255 	0.000152065 	2
376.0 	0.00207183 	0.000147598 	2
377.0 	0.00203108 	0.000151265 	2
378.0 	0.00205459 	0.000146062 	2
379.0 	0.00201077 	0.000150421 	2
380.0 	0.00204656 	0.000145435 	2
381.0 	0.00199692 	0.000149418 	2
382.0 	0.00202306 	0.000144429 	2
383.0 	0.00197772 	0.000148925 	2
384.0 	0.00200894 	0.000144655 	2
385.0 	0.00196869 	0.000147955 	2
386.0 	0.00200011 	0.000143692 	2
387.0 	0.00195458 	0.000147627 	2
388.0 	0.00197991 	0.00014339 	2
389.0 	0.00193984 	0.000146568 	2
390.0 	0.0019648 	0.000141619 	2
391.0 	0.00192176 	0.00014554 	2
392.0 	0.00195402 	0.000141457 	2
393.0 	0.00191699 	0.000145814 	2
394.0 	0.00194563 	0.00014019 	2
395.0 	0.00190036 	0.000144129 	2
396.0 	0.00193946 	0.000140189 	2
397.0 	0.00189154 	0.000143058 	2
398.0 	0.00191828 	0.000138975 	2
399.0 	0.00186552 	0.000141767 	2
400.0 	0.00190424 	0.000137655 	2
401.0 	0.00185935 	0.00014156 	2
402.0 	0.00189582 	0.000137675 	2
403.0 	0.00183986 	0.000141084 	2
404.0 	0.00188069 	0.000137682 	2
405.0 	0.00183077 	0.000141033 	2
406.0 	0.00186597 	0.000136933 	2
407.0 	0.00181401 	0.000140156 	2
408.0 	0.00186546 	0.00013611 	2
409.0 	0.00181003 	0.000140029 	2
410.0 	0.00185039 	0.00013534 	2
411.0 	0.00179549 	0.000138494 	2
412.0 	0.00183907 	0.000134793 	2
413.0 	0.00179126 	0.000137844 	2
414.0 	0.00183247 	0.000133652 	2
415.0 	0.00177765 	0.000136327 	2
416.0 	0.00181704 	0.000132061 	2
417.0 	0.00176782 	0.000135593 	2
418.0 	0.00180754 	0.000130548 	2
419.0 	0.00175691 	0.000135199 	2
420.0 	0.00179493 	0.000131553 	2
421.0 	0.00173605 	0.000134926 	2
422.0 	0.00177714 	0.000130519 	2
423.0 	0.00172229 	0.000133096 	2
424.0 	0.00176883 	0.000129956 	2
425.0 	0.0017097 	0.000132876 	2
426.0 	0.00176047 	0.000128674 	2
427.0 	0.0017069 	0.000132809 	2
428.0 	0.00175228 	0.000128925 	2
429.0 	0.00169395 	0.000131835 	2
430.0 	0.00173705 	0.000128438 	2
431.0 	0.001683 	0.000130475 	2
432.0 	0.0017309 	0.000127353 	2
433.0 	0.00168421 	0.000130829 	2
434.0 	0.00172874 	0.000127377 	2
435.0 	0.00166423 	0.000129628 	2
436.0 	0.00170152 	0.00012683 	2
437.0 	0.00165149 	0.000129078 	2
438.0 	0.00169072 	0.000125447 	2
439.0 	0.00163875 	0.000127656 	2
440.0 	0.00167281 	0.000125255 	2
441.0 	0.00162038 	0.00012634 	2
442.0 	0.00166223 	0.000123396 	2
443.0 	0.00160363 	0.000125533 	2
444.0 	0.00165104 	0.000123282 	2
445.0 	0.00160206 	0.000125282 	2
446.0 	0.00163418 	0.000122802 	2
447.0 	0.00157881 	0.000124046 	2
448.0 	0.00161514 	0.000121303 	2
449.0 	0.00157722 	0.00012302 	2
450.0 	0.00161574 	0.000119892 	2
451.0 	0.00156735 	0.000122799 	2
452.0 	0.00160526 	0.000121024 	2
453.0 	0.00155491 	0.000122232 	2
454.0 	0.00159341 	0.000119695 	2
455.0 	0.00155379 	0.000121406 	2
456.0 	0.0015962 	0.000118727 	2
457.0 	0.00154152 	0.000120701 	2
458.0 	0.00158503 	0.000118799 	2
459.0 	0.00153972 	0.000119997 	2
460.0 	0.00157788 	0.000117875 	2
461.0 	0.00153526 	0.000119907 	2
462.0 	0.00158319 	0.000116971 	2
463.0 	0.00152693 	0.000119474 	2
464.0 	0.00156554 	0.000117824 	2
465.0 	0.00151479 	0.000118134 	2
466.0 	0.0015576 	0.000115741 	2
467.0 	0.00150994 	0.000117258 	2
468.0 	0.00155187 	0.000115644 	2
469.0 	0.00149673 	0.000116809 	2
470.0 	0.00153606 	0.000116159 	2
471.0 	0.00148511 	0.00011681 	2
472.0 	0.00152467 	0.000115562 	2
473.0 	0.00148797 	0.00011683 	2
474.0 	0.00152415 	0.000114968 	2
475.0 	0.00149085 	0.000116279 	2
476.0 	0.00150974 	0.000116006 	2
477.0 	0.00146157 	0.000115066 	2
478.0 	0.00151137 	0.000114295 	2
479.0 	0.00147507 	0.000114494 	2
480.0 	0.00149844 	0.000113398 	2
481.0 	0.00145617 	0.000115072 	2
482.0 	0.0014837 	0.000113677 	2
483.0 	0.00145136 	0.000113807 	2
484.0 	0.0014884 	0.000112794 	2
485.0 	0.00145351 	0.000112198 	2
486.0 	0.00147254 	0.000111271 	2
487.0 	0.00144362 	0.000111643 	2
488.0 	0.00146922 	0.00011092 	2
489.0 	0.00142769 	0.000109846 	2
490.0 	0.00145782 	0.000109661 	2
491.0 	0.0014286 	0.000109987 	2
492.0 	0.00144146 	0.000108957 	2
493.0 	0.00141564 	0.000109146 	2
494.0 	0.00143206 	0.000109276 	2
495.0 	0.00140508 	0.000108289 	2
496.0 	0.00142771 	0.000108523 	2
497.0 	0.00139311 	0.000107681 	2
498.0 	0.00140749 	0.000107814 	2
499.0 	0.00138329 	0.000108356 	2
500.0 	0.00139961 	0.000107656 	2
501.0 	0.00136255 	0.00010626 	2
502.0 	0.00137986 	0.000106111 	2
503.0 	0.00134249 	0.000105294 	2
504.0 	0.00136843 	0.000106041 	2
505.0 	0.00135329 	0.000105582 	2
506.0 	0.00138888 	0.000107116 	2
507.0 	0.00135377 	0.000106176 	2
508.0 	0.0013763 	0.000107161 	2
509.0 	0.00136128 	0.000106848 	2
510.0 	0.00139345 	0.000107221 	2
511.0 	0.00134929 	0.000106485 	2
512.0 	0.00136911 	0.000106601 	2
513.0 	0.00135173 	0.000104476 	2
514.0 	0.00136565 	0.000104576 	2
515.0 	0.00134736 	0.000104185 	2
516.0 	0.00137245 	0.00010449 	2
517.0 	0.00134468 	0.00010422 	2
518.0 	0.00135971 	0.000104351 	2
519.0 	0.00134019 	0.00010378 	2
520.0 	0.00135215 	0.00010383 	2
521.0 	0.00133719 	0.000102686 	2
522.0 	0.00134429 	0.000102682 	2
523.0 	0.00131384 	0.000101951 	2
524.0 	0.00133339 	0.000102049 	2
525.0 	0.00131042 	0.0001013 	2
526.0 	0.0013281 	6.64746e-05 	2
527.0 	0.00128965 	6.76456e-05 	2
528.0 	0.00132037 	8.04663e-05 	2
529.0 	0.00130536 	9.35918e-05 	2
530.0 	0.00131479 	0.000106944 	2
531.0 	0.00130372 	0.000116796 	2
532.0 	0.00132682 	0.000126071 	2
533.0 	0.00131407 	0.000129231 	2
534.0 	0.00132382 	0.000130039 	2
535.0 	0.00132516 	0.000125849 	2
536.0 	0.00133677 	0.000120919 	2
537.0 	0.00131266 	0.000113045 	2
538.0 	0.00132355 	0.000108731 	2
539.0 	0.00131154 	0.000103901 	2
540.0 	0.00132635 	0.000102321 	2
541.0 	0.00129465 	0.000101351 	2
542.0 	0.00130376 	0.000103736 	2
543.0 	0.00127933 	0.000105148 	2
544.0 	0.0012877 	0.000109012 	2
545.0 	0.00127784 	0.000111125 	2
546.0 	0.00128608 	0.000113654 	2
547.0 	0.00127096 	0.000114773 	2
548.0 	0.0012878 	0.000115683 	2
549.0 	0.00128349 	0.000113431 	2
550.0 	0.00130494 	0.000113046 	2
551.0 	0.00128396 	0.000110911 	2
552.0 	0.00129542 	0.000110607 	2
553.0 	0.00127991 	0.000107907 	2
554.0 	0.0013057 	0.000107872 	2
555.0 	0.00128606 	0.000106586 	2
556.0 	0.00129509 	0.000107711 	2
557.0 	0.00128438 	0.000107395 	2
558.0 	0.00128598 	0.000109169 	2
559.0 	0.00127282 	0.000108439 	2
560.0 	0.00129228 	0.000109159 	2
561.0 	0.00127806 	0.000107354 	2
562.0 	0.00128331 	0.000108178 	2
563.0 	0.00127962 	0.000107636 	2
564.0 	0.0012815 	0.00010903 	2
565.0 	0.0012799 	0.000108685 	2
566.0 	0.00127872 	0.000109793 	2
567.0 	0.0012612 	0.000108783 	2
568.0 	0.00127541 	0.000110039 	2
569.0 	0.00124656 	0.000108296 	2
570.0 	0.00126836 	0.000108643 	2
571.0 	0.00126231 	0.00010759 	2
572.0 	0.00127516 	0.000108338 	2
573.0 	0.00126444 	0.000107555 	2
574.0 	0.00124846 	0.000108136 	2
575.0 	0.00125373 	0.000106565 	2
576.0 	0.00125798 	0.000106629 	2
577.0 	0.00123296 	0.000104859 	2
578.0 	0.00122881 	0.000105784 	2
579.0 	0.00121211 	0.00010482 	2
580.0 	0.00122124 	0.000106086 	2
581.0 	0.00120605 	0.000105438 	2
582.0 	0.00121548 	0.000106461 	2
583.0 	0.00120608 	0.000105931 	2
584.0 	0.00120993 	0.000107562 	2
585.0 	0.00122325 	0.000106529 	2
586.0 	0.00121189 	0.000106873 	2
587.0 	0.00121447 	0.000105549 	2
588.0 	0.00121267 	0.000105203 	2
589.0 	0.001203 	0.0001034 	2
590.0 	0.00120789 	0.000102938 	2
591.0 	0.00118883 	0.000101092 	2
592.0 	0.00116894 	0.000101461 	2
593.0 	0.00116145 	0.000100421 	2
594.0 	0.00115968 	0.000102142 	2
595.0 	0.00115409 	0.000101323 	2
596.0 	0.00114262 	0.000102494 	2
597.0 	0.00114208 	0.000102246 	2
598.0 	0.00114056 	0.000103817 	2
599.0 	0.00113829 	0.000103673 	2
600.0 	0.00115059 	0.000104944 	2
601.0 	0.00114876 	0.000103748 	2
602.0 	0.00115989 	0.000104629 	2
603.0 	0.00115685 	0.000103764 	2
604.0 	0.00119281 	0.000104788 	2
605.0 	0.00121201 	0.000103907 	2
606.0 	0.00123185 	0.000104272 	2
607.0 	0.00124529 	0.000102852 	2
608.0 	0.00125274 	0.000103236 	2
609.0 	0.00124856 	0.00010091 	2
610.0 	0.00126395 	0.000101253 	2
611.0 	0.00123229 	9.97267e-05 	2
612.0 	0.00123545 	0.00010068 	2
613.0 	0.00120968 	0.000100996 	2
614.0 	0.00120558 	0.000103007 	2
615.0 	0.00119015 	0.000103161 	2
616.0 	0.0011789 	0.000104731 	2
617.0 	0.0011616 	0.000103525 	2
618.0 	0.00115741 	0.000104326 	2
619.0 	0.00114759 	0.000103706 	2
620.0 	0.00114139 	0.000104399 	2
621.0 	0.00112892 	0.000102848 	2
622.0 	0.00113777 	0.000102931 	2
623.0 	0.00112615 	0.000101418 	2
624.0 	0.00112629 	0.00010147 	2
625.0 	0.00111764 	9.98348e-05 	2
626.0 	0.0011258 	0.000100262 	2
627.0 	0.00114358 	9.83238e-05 	2
628.0 	0.00113374 	9.81573e-05 	2
629.0 	0.00112976 	9.59731e-05 	2
630.0 	0.00113771 	9.67566e-05 	2
631.0 	0.00113617 	9.58022e-05 	2
632.0 	0.00113402 	9.7527e-05 	2
633.0 	0.00115154 	9.62629e-05 	2
634.0 	0.00114869 	9.70713e-05 	2
635.0 	0.00114812 	9.58565e-05 	2
636.0 	0.00115428 	9.74085e-05 	2
637.0 	0.00112419 	9.74343e-05 	2
638.0 	0.0011441 	9.9634e-05 	2
639.0 	0.00114051 	9.87827e-05 	2
640.0 	0.00114183 	0.000100016 	2
641.0 	0.00112867 	9.88278e-05 	2
642.0 	0.00110964 	9.92879e-05 	2
643.0 	0.00111688 	9.72175e-05 	2
644.0 	0.00111842 	9.84787e-05 	2
645.0 	0.00111432 	9.70463e-05 	2
646.0 	0.00109652 	9.85982e-05 	2
647.0 	0.00109707 	9.75284e-05 	2
648.0 	0.0010788 	9.93554e-05 	2
649.0 	0.00108414 	9.86813e-05 	2
650.0 	0.00107667 	9.98755e-05 	2
651.0 	0.00108328 	9.75458e-05 	2
652.0 	0.00105453 	9.73351e-05 	2
653.0 	0.00105044 	9.49974e-05 	2
654.0 	0.00105812 	9.51318e-05 	2
655.0 	0.00105301 	9.28501e-05 	2
656.0 	0.00106321 	9.34728e-05 	2
657.0 	0.00105518 	9.16167e-05 	2
658.0 	0.00106025 	9.33838e-05 	2
659.0 	0.00107477 	9.20588e-05 	2
660.0 	0.00106408 	9.41207e-05 	2
661.0 	0.0010628 	9.29284e-05 	2
662.0 	0.00108447 	9.43982e-05 	2
663.0 	0.00107794 	9.31118e-05 	2
664.0 	0.00107631 	9.3906e-05 	2
665.0 	0.00106959 	9.21096e-05 	2
666.0 	0.00105771 	9.30767e-05 	2
667.0 	0.00106114 	9.14756e-05 	2
668.0 	0.00106702 	9.30732e-05 	2
669.0 	0.00106974 	9.29489e-05 	2
670.0 	0.00109102 	9.61054e-05 	2
671.0 	0.00107585 	9.56222e-05 	2
672.0 	0.00108034 	9.7172e-05 	2
673.0 	0.00109586 	9.59729e-05 	2
674.0 	0.00109986 	9.73971e-05 	2
675.0 	0.00110014 	9.43874e-05 	2
676.0 	0.00111356 	9.53377e-05 	2
677.0 	0.00109489 	9.38049e-05 	2
678.0 	0.00111301 	9.53402e-05 	2
679.0 	0.00110726 	9.4613e-05 	2
680.0 	0.00110461 	9.61234e-05 	2
681.0 	0.00112949 	9.64961e-05 	2
682.0 	0.00113362 	9.73974e-05 	2
683.0 	0.00113683 	9.59242e-05 	2
684.0 	0.00113331 	9.56227e-05 	2
685.0 	0.00113339 	9.37011e-05 	2
686.0 	0.00111167 	9.34333e-05 	2
687.0 	0.00111998 	9.0583e-05 	2
688.0 	0.00110212 	8.97874e-05 	2
689.0 	0.00108944 	8.72008e-05 	2
690.0 	0.00107392 	8.87497e-05 	2
691.0 	0.00108685 	8.87644e-05 	2
692.0 	0.00107224 	9.10077e-05 	2
693.0 	0.00106518 	9.12116e-05 	2
694.0 	0.00104393 	9.3079e-05 	2
695.0 	0.00105231 	9.25168e-05 	2
696.0 	0.00103342 	9.44503e-05 	2
697.0 	0.00103805 	9.30599e-05 	2
698.0 	0.00103535 	9.2549e-05 	2
699.0 	0.00102874 	8.98021e-05 	2
700.0 	0.00101973 	8.96402e-05 	2
701.0 	0.00100866 	8.71791e-05 	2
702.0 	0.000999513 	8.71531e-05 	2
703.0 	0.00100742 	8.53031e-05 	2
704.0 	0.00100461 	8.61189e-05 	2
705.0 	0.00100055 	8.5368e-05 	2
706.0 	0.00101209 	8.70908e-05 	2
707.0 	0.00100737 	8.63045e-05 	2
708.0 	0.00100624 	8.73275e-05 	2
709.0 	0.00100687 	8.63554e-05 	2
710.0 	0.0010122 	8.73761e-05 	2
711.0 	0.00103708 	8.6028e-05 	2
712.0 	0.00104092 	8.72757e-05 	2
713.0 	0.00104676 	8.56682e-05 	2
714.0 	0.00103131 	8.60121e-05 	2
715.0 	0.00104168 	8.41399e-05 	2
716.0 	0.00103801 	8.51076e-05 	2
717.0 	0.00103801 	8.28673e-05 	2
718.0 	0.00103064 	8.34595e-05 	2
719.0 	0.00103037 	8.27623e-05 	2
720.0 	0.00103736 	8.39312e-05 	2
721.0 	0.00103828 	8.35311e-05 	2
722.0 	0.00100652 	8.49605e-05 	2
723.0 	0.00101364 	8.40134e-05 	2
724.0 	0.000996338 	8.58865e-05 	2
725.0 	0.00100397 	8.53729e-05 	2
726.0 	0.000986145 	8.70204e-05 	2
727.0 	0.00100911 	8.58053e-05 	2
728.0 	0.000994204 	8.61877e-05 	2
729.0 	0.0009928 	8.3703e-05 	2
730.0 	0.000987156 	8.3305e-05 	2
731.0 	0.000988848 	8.06473e-05 	2
732.0 	0.000988564 	8.08537e-05 	2
733.0 	0.000985942 	7.87981e-05 	2
734.0 	0.000991621 	7.98322e-05 	2
735.0 	0.000999307 	7.92459e-05 	2
736.0 	0.000979662 	8.12146e-05 	2
737.0 	0.000992168 	8.17783e-05 	2
738.0 	0.000985711 	8.3734e-05 	2
739.0 	0.000996452 	8.37458e-05 	2
740.0 	0.00101563 	8.5007e-05 	2
741.0 	0.00101939 	8.35656e-05 	2
742.0 	0.00101779 	8.44749e-05 	2
743.0 	0.00102935 	8.17225e-05 	2
744.0 	0.0010206 	8.15935e-05 	2
745.0 	0.00103766 	7.92951e-05 	2
746.0 	0.00103139 	7.97139e-05 	2
747.0 	0.00103887 	7.77678e-05 	2
748.0 	0.00101123 	7.80328e-05 	2
749.0 	0.0010137 	7.59486e-05 	2
750.0 	0.00099334 	7.67009e-05 	2
751.0 	0.000998106 	7.66401e-05 	2
752.0 	0.000986989 	7.73309e-05 	2
753.0 	0.000980829 	7.68775e-05 	2
754.0 	0.000963336 	7.87431e-05 	2
755.0 	0.000988592 	7.89755e-05 	2
756.0 	0.000978887 	8.15067e-05 	2
757.0 	0.000981885 	8.07995e-05 	2
758.0 	0.000969624 	8.07273e-05 	2
759.0 	0.000960471 	7.82396e-05 	2
760.0 	0.000947614 	7.88794e-05 	2
761.0 	0.000958497 	7.71186e-05 	2
762.0 	0.000929007 	7.67308e-05 	2
763.0 	0.000925118 	7.45685e-05 	2
764.0 	0.000914339 	7.45782e-05 	2
765.0 	0.000921958 	7.3806e-05 	2
766.0 	0.000914836 	7.46819e-05 	2
767.0 	0.000913504 	7.41556e-05 	2
768.0 	0.000926071 	7.49016e-05 	2
769.0 	0.000957116 	7.37252e-05 	2
770.0 	0.000949927 	7.39703e-05 	2
771.0 	0.000971559 	7.31706e-05 	2
772.0 	0.000976333 	7.33881e-05 	2
773.0 	0.000984234 	7.02046e-05 	2
774.0 	0.000968756 	6.94423e-05 	2
775.0 	0.00099665 	6.70832e-05 	2
776.0 	0.000980904 	6.72831e-05 	2
777.0 	0.00101464 	6.66222e-05 	2
778.0 	0.000992424 	6.98738e-05 	2
779.0 	0.00101849 	7.10148e-05 	2
780.0 	0.00100683 	7.36663e-05 	2
781.0 	0.00101688 	7.51424e-05 	2
782.0 	0.00102863 	7.74012e-05 	2
783.0 	0.00101416 	7.68839e-05 	2
784.0 	0.00101232 	7.8249e-05 	2
785.0 	0.0010031 	7.61386e-05 	2
786.0 	0.000993218 	7.63967e-05 	2
787.0 	0.000987996 	7.43741e-05 	2
788.0 	0.000993034 	7.49721e-05 	2
789.0 	0.000990999 	7.32376e-05 	2
790.0 	0.000976424 	7.35874e-05 	2
791.0 	0.000977552 	7.16633e-05 	2
792.0 	0.000965486 	7.28955e-05 	2
793.0 	0.000962872 	7.20159e-05 	2
794.0 	0.000955905 	7.35509e-05 	2
795.0 	0.000962204 	7.23981e-05 	2
796.0 	0.00095187 	7.32171e-05 	2
797.0 	0.000961708 	7.10805e-05 	2
798.0 	0.000943017 	7.11316e-05 	2
799.0 	0.000966701 	6.89522e-05 	2
800.0 	0.000945221 	6.91859e-05 	2
801.0 	0.000951608 	6.68245e-05 	2
802.0 	0.0009652 	6.64709e-05 	2
803.0 	0.000955467 	6.4874e-05 	2
804.0 	0.000948985 	6.45249e-05 	2
805.0 	0.000969296 	6.24683e-05 	2
806.0 	0.000942686 	6.2853e-05 	2
807.0 	0.000953858 	6.20114e-05 	2
808.0 	0.000944971 	6.46073e-05 	2
809.0 	0.000950232 	6.39212e-05 	2
810.0 	0.000942265 	6.56206e-05 	2
811.0 	0.000942799 	6.56513e-05 	2
812.0 	0.000926796 	6.72747e-05 	2
813.0 	0.000957626 	6.65692e-05 	2
814.0 	0.000935234 	6.80696e-05 	2
815.0 	0.000950709 	6.63895e-05 	2
816.0 	0.000928625 	6.7477e-05 	2
817.0 	0.000940414 	6.61085e-05 	2
818.0 	0.000929194 	6.68605e-05 	2
819.0 	0.000916695 	6.44113e-05 	2
820.0 	0.000913599 	6.48251e-05 	2
821.0 	0.000936477 	6.23257e-05 	2
822.0 	0.000899169 	6.31164e-05 	2
823.0 	0.000912793 	6.31732e-05 	2
824.0 	0.000911041 	6.57488e-05 	2
825.0 	0.000907473 	6.5182e-05 	2
826.0 	0.00090647 	6.75821e-05 	2
827.0 	0.000908929 	6.59955e-05 	2
828.0 	0.000912145 	6.7446e-05 	2
829.0 	0.000921517 	6.59885e-05 	2
830.0 	0.000896707 	6.66412e-05 	2
831.0 	0.000925314 	6.37364e-05 	2
832.0 	0.000910896 	6.31021e-05 	2
833.0 	0.000928594 	5.9629e-05 	2
834.0 	0.0009158 	5.95932e-05 	2
835.0 	0.000946124 	5.63664e-05 	2
836.0 	0.000926377 	5.63459e-05 	2
837.0 	0.000944118 	5.44586e-05 	2
838.0 	0.00093752 	5.5089e-05 	2
839.0 	0.0009476 	5.45809e-05 	2
840.0 	0.000947905 	5.74142e-05 	2
841.0 	0.000942184 	5.73896e-05 	2
842.0 	0.000943644 	6.08423e-05 	2
843.0 	0.000955909 	6.1165e-05 	2
844.0 	0.000952589 	6.48439e-05 	2
845.0 	0.000969705 	6.50245e-05 	2
846.0 	0.000945216 	6.77865e-05 	2
847.0 	0.000962912 	6.57217e-05 	2
848.0 	0.00093014 	6.60301e-05 	2
849.0 	0.000940258 	6.22001e-05 	2
850.0 	0.000926363 	6.11756e-05 	2
851.0 	0.000942762 	5.74653e-05 	2
852.0 	0.00093481 	5.85968e-05 	2
853.0 	0.000942262 	5.68015e-05 	2
854.0 	0.000929509 	5.8586e-05 	2
855.0 	0.000939351 	5.77794e-05 	2
856.0 	0.000925022 	5.94282e-05 	2
857.0 	0.000933617 	5.75486e-05 	2
858.0 	0.000922363 	5.94201e-05 	2
859.0 	0.000934718 	5.87302e-05 	2
860.0 	0.00091026 	6.03643e-05 	2
861.0 	0.00092109 	5.89938e-05 	2
862.0 	0.000912117 	5.99491e-05 	2
863.0 	0.000903616 	5.67948e-05 	2
864.0 	0.000884818 	5.72721e-05 	2
865.0 	0.000912819 	5.49098e-05 	2
866.0 	0.000867588 	5.60991e-05 	2
867.0 	0.000879125 	5.43571e-05 	2
868.0 	0.000849339 	5.53056e-05 	2
869.0 	0.000858134 	5.38517e-05 	2
870.0 	0.0008315 	5.55926e-05 	2
871.0 	0.000847218 	5.35075e-05 	2
872.0 	0.000832877 	5.50207e-05 	2
873.0 	0.000845118 	5.13551e-05 	2
874.0 	0.000849246 	5.28564e-05 	2
875.0 	0.000861456 	4.97825e-05 	2
876.0 	0.000834316 	5.08437e-05 	2
877.0 	0.000861779 	4.91779e-05 	2
878.0 	0.000832891 	5.02953e-05 	2
879.0 	0.000850956 	4.92938e-05 	2
880.0 	0.000822425 	5.16158e-05 	2
881.0 	0.000854388 	5.07063e-05 	2
882.0 	0.000826786 	5.3891e-05 	2
883.0 	0.000851344 	5.25139e-05 	2
884.0 	0.000831222 	5.5062e-05 	2
885.0 	0.000854176 	5.28312e-05 	2
886.0 	0.000839095 	5.39841e-05 	2
887.0 	0.000864121 	5.06869e-05 	2
888.0 	0.000848489 	5.22992e-05 	2
889.0 	0.000884217 	5.00606e-05 	2
890.0 	0.0008869 	5.10175e-05 	2
891.0 	0.000897348 	4.79878e-05 	2
892.0 	0.000885095 	4.97988e-05 	2
893.0 	0.000906495 	4.76384e-05 	2
894.0 	0.000887481 	5.07778e-05 	2
895.0 	0.000910219 	4.932e-05 	2
896.0 	0.000874466 	5.17829e-05 	2
897.0 	0.00089131 	5.06151e-05 	2
898.0 	0.00087518 	5.37427e-05 	2
899.0 	0.000892002 	5.23541e-05 	2
900.0 	0.000878124 	5.49566e-05 	2
901.0 	0.000899071 	5.42755e-05 	2
902.0 	0.000884404 	5.57617e-05 	2
903.0 	0.000909447 	5.18709e-05 	2
904.0 	0.000893416 	5.1417e-05 	2
905.0 	0.000913707 	4.70945e-05 	2
906.0 	0.000899746 	4.84955e-05 	2
907.0 	0.000897515 	4.5367e-05 	2
908.0 	0.000889477 	4.75652e-05 	2
909.0 	0.000914058 	4.50707e-05 	2
910.0 	0.000877223 	4.74018e-05 	2
911.0 	0.000895252 	4.66096e-05 	2
912.0 	0.000874939 	4.98363e-05 	2
913.0 	0.000906638 	4.89199e-05 	2
914.0 	0.000888787 	5.32385e-05 	2
915.0 	0.000907781 	5.21371e-05 	2
916.0 	0.0008835 	5.45163e-05 	2
917.0 	0.000909384 	5.05871e-05 	2
918.0 	0.000890382 	5.15362e-05 	2
919.0 	0.000905273 	4.81173e-05 	2
920.0 	0.000887159 	4.91465e-05 	2
921.0 	0.000886811 	4.59178e-05 	2
922.0 	0.00086089 	4.7299e-05 	2
923.0 	0.000887393 	4.44828e-05 	2
924.0 	0.000861888 	4.56674e-05 	2
925.0 	0.000877702 	4.27872e-05 	2
926.0 	0.000843182 	4.50086e-05 	2
927.0 	0.000845189 	4.40617e-05 	2
928.0 	0.00082484 	4.63585e-05 	2
929.0 	0.000841879 	4.27972e-05 	2
930.0 	0.000819142 	4.6997e-05 	2
931.0 	0.000856246 	4.5361e-05 	2
932.0 	0.000834226 	4.63597e-05 	2
933.0 	0.000850669 	4.25838e-05 	2
934.0 	0.000823767 	4.503e-05 	2
935.0 	0.000859406 	4.14437e-05 	2
936.0 	0.000825583 	4.19973e-05 	2
937.0 	0.000833928 	3.78199e-05 	2
938.0 	0.000804126 	4.0946e-05 	2
939.0 	0.000826898 	3.82797e-05 	2
940.0 	0.000800728 	4.05725e-05 	2
941.0 	0.000809032 	3.84487e-05 	2
942.0 	0.000784861 	4.22162e-05 	2
943.0 	0.000819089 	3.98793e-05 	2
944.0 	0.000770277 	4.19307e-05 	2
945.0 	0.000807853 	4.06297e-05 	2
946.0 	0.000796148 	4.23802e-05 	2
947.0 	0.000836523 	4.03827e-05 	2
948.0 	0.000806042 	4.29481e-05 	2
949.0 	0.000833392 	3.9759e-05 	2
950.0 	0.000807359 	3.99333e-05 	2
951.0 	0.000828399 	3.54192e-05 	2
952.0 	0.000795559 	3.64095e-05 	2
953.0 	0.000827917 	3.18386e-05 	2
954.0 	0.000792318 	3.45746e-05 	2
955.0 	0.000813909 	2.95555e-05 	2
956.0 	0.000775799 	3.31062e-05 	2
957.0 	0.000802516 	3.04173e-05 	2
958.0 	0.000764543 	3.49551e-05 	2
959.0 	0.000790518 	3.27485e-05 	2
960.0 	0.000744694 	3.73521e-05 	2
961.0 	0.000780127 	3.66232e-05 	2
962.0 	0.000740869 	3.93902e-05 	2
963.0 	0.000756939 	3.78324e-05 	2
964.0 	0.00072312 	4.07096e-05 	2
965.0 	0.00074279 	3.92046e-05 	2
966.0 	0.000718494 	4.14729e-05 	2
967.0 	0.000740483 	3.89847e-05 	2
968.0 	0.000747237 	4.1232e-05 	2
969.0 	0.000774418 	3.77191e-05 	2
970.0 	0.000769984 	3.95962e-05 	2
971.0 	0.000816535 	3.4277e-05 	2
972.0 	0.000812495 	3.64848e-05 	2
973.0 	0.000844304 	2.87254e-05 	2
974.0 	0.000819499 	3.38388e-05 	2
975.0 	0.000859653 	3.8256e-05 	2
976.0 	0.00122046 	7.61897e-05 	10
977.0 	0.00161045 	0.000125731 	4
978.0 	0.00132968 	0.000113163 	6
979.0 	0.0011743 	0.000109886 	4
980.0 	0.00121491 	8.95635e-05 	8
981.0 	0.00146256 	0.000132706 	4
982.0 	0.00117596 	7.6191e-05 	8
983.0 	0.00118824 	0.000100183 	8
984.0 	0.00137829 	0.000135676 	4
985.0 	0.00124296 	0.00012347 	4
986.0 	0.00150662 	0.000138043 	4
987.0 	0.00120585 	7.52172e-05 	4
988.0 	0.00140748 	0.00012789 	6
989.0 	0.00113859 	7.82489e-05 	6
990.0 	0.00134347 	0.00012229 	6
991.0 	0.0011057 	8.84459e-05 	6
992.0 	0.00112955 	9.82267e-05 	6
993.0 	0.00148118 	0.000144503 	6
994.0 	0.00101317 	9.13718e-05 	4
995.0 	0.00105011 	8.70072e-05 	6
996.0 	0.00117776 	5.97663e-05 	3
997.0 	0.00155175 	0.000124566 	8
998.0 	0.000998914 	8.98768e-05 	4
999.0 	0.000884895 	8.2281e-05 	6
1000.0 	0.000996777 	6.0582e-05 	3
1001.0 	0.00109608 	0.000106279 	1
1002.0 	0.00113076 	0.000103732 	1
1003.0 	0.00111028 	0.00010744 	1
1004.0 	0.00108696 	0.000104138 	1
1005.0 	0.00109036 	7.5677e-05 	2
1006.0 	0.000994576 	7.54416e-05 	2
1007.0 	0.000986726 	7.82921e-05 	2
1008.0 	0.000936426 	8.7671e-05 	2
1009.0 	0.000919904 	9.01192e-05 	2
1010.0 	0.000918651 	6.95081e-05 	4
1011.0 	0.000925861 	6.52502e-05 	2
1012.0 	0.000914576 	6.63628e-05 	2
1013.0 	0.000925307 	5.56394e-05 	2
1014.0 	0.000906638 	4.22343e-05 	2
1015.0 	0.000890959 	8.26166e-05 	1
1016.0 	0.0008584 	4.58415e-05 	2
1017.0 	0.000867049 	2.93341e-05 	2
1018.0 	0.000830307 	2.884e-05 	2
1019.0 	0.000835685 	2.90531e-05 	2
1020.0 	0.000805763 	4.00315e-05 	2
1021.0 	0.000816766 	4.48028e-05 	2
1022.0 	0.000802803 	5.47091e-05 	2
1023.0 	0.000809862 	5.75403e-05 	2
1024.0 	0.000783845 	6.44258e-05 	2
1025.0 	0.000806343 	6.42087e-05 	2
1026.0 	0.000789607 	6.70701e-05 	2
1027.0 	0.000809904 	6.22789e-05 	2
1028.0 	0.000798568 	6.16604e-05 	2
1029.0 	0.000807101 	5.35369e-05 	2
1030.0 	0.000785639 	5.14163e-05 	2
1031.0 	0.000792501 	4.4482e-05 	2
1032.0 	0.000779238 	4.36293e-05 	2
1033.0 	0.000772241 	3.75811e-05 	2
1034.0 	0.000747925 	3.89233e-05 	2
1035.0 	0.000758757 	3.49888e-05 	2
1036.0 	0.000738592 	3.79297e-05 	2
1037.0 	0.000740635 	3.61323e-05 	2
1038.0 	0.000708737 	4.16864e-05 	2
1039.0 	0.000729081 	4.08063e-05 	2
1040.0 	0.000716782 	4.44981e-05 	2
1041.0 	0.00075689 	4.30313e-05 	2
1042.0 	0.000741808 	4.67818e-05 	2
1043.0 	0.000779998 	4.51512e-05 	2
1044.0 	0.000769118 	4.79195e-05 	2
1045.0 	0.00076665 	4.33584e-05 	2
1046.0 	0.000757819 	4.51869e-05 	2
1047.0 	0.000762786 	4.13467e-05 	2
1048.0 	0.000755055 	4.38196e-05 	2
1049.0 	0.00078249 	4.06077e-05 	2
1050.0 	0.000755473 	4.34458e-05 	2
1051.0 	0.000770759 	4.05478e-05 	2
1052.0 	0.000770602 	4.4787e-05 	2
1053.0 	0.000774142 	4.34801e-05 	2
1054.0 	0.000753613 	4.75437e-05 	2
1055.0 	0.00077496 	4.49887e-05 	2
1056.0 	0.000767901 	4.83997e-05 	2
1057.0 	0.000779582 	4.56895e-05 	2
1058.0 	0.000764431 	4.92418e-05 	2
1059.0 	0.000768616 	4.612e-05 	2
1060.0 	0.000763392 	4.84988e-05 	2
1061.0 	0.000772815 	4.42855e-05 	2
1062.0 	0.000761314 	4.55414e-05 	2
1063.0 	0.000778422 	4.05693e-05 	2
1064.0 	0.00075276 	4.14549e-05 	2
1065.0 	0.000763947 	3.70236e-05 	2
1066.0 	0.000742745 	3.92106e-05 	2
1067.0 	0.000746963 	3.74638e-05 	2
1068.0 	0.000715321 	4.17865e-05 	2
1069.0 	0.000744916 	3.97687e-05 	2
1070.0 	0.0007299 	4.40742e-05 	2
1071.0 	0.00074576 	4.26771e-05 	2
1072.0 	0.000727063 	4.65436e-05 	2
1073.0 	0.000765839 	4.47633e-05 	2
1074.0 	0.00074641 	4.74698e-05 	2
1075.0 	0.000761271 	4.3574e-05 	2
1076.0 	0.000743982 	4.46662e-05 	2
1077.0 	0.000750072 	3.86655e-05 	2
1078.0 	0.000732884 	4.04486e-05 	2
1079.0 	0.000734216 	3.71726e-05 	2
1080.0 	0.000700852 	3.94014e-05 	2
1081.0 	0.000709429 	3.64139e-05 	2
1082.0 	0.00069425 	3.95912e-05 	2
1083.0 	0.000695609 	3.69839e-05 	2
1084.0 	0.000665854 	4.10428e-05 	2
1085.0 	0.000663221 	3.93507e-05 	2
1086.0 	0.000651968 	4.3393e-05 	2
1087.0 	0.000690893 	4.10587e-05 	2
1088.0 	0.000665152 	4.44278e-05 	2
1089.0 	0.000685598 	4.1737e-05 	2
1090.0 	0.000681136 	4.46804e-05 	2
1091.0 	0.000700665 	4.14756e-05 	2
1092.0 	0.000684939 	4.27662e-05 	2
1093.0 	0.000723246 	3.61947e-05 	2
1094.0 	0.000721014 	3.74615e-05 	2
1095.0 	0.000723019 	3.17512e-05 	2
1096.0 	0.000710974 	3.39906e-05 	2
1097.0 	0.000734529 	2.903e-05 	2
1098.0 	0.00071352 	3.33271e-05 	2
1099.0 	0.000723076 	3.00031e-05 	2
1100.0 	0.000708019 	3.55963e-05 	2
1101.0 	0.000725823 	3.36479e-05 	2
1102.0 	0.000703251 	3.95068e-05 	2
1103.0 	0.000736403 	3.87647e-05 	2
1104.0 	0.000732305 	4.30785e-05 	2
1105.0 	0.00074805 	4.09596e-05 	2
1106.0 	0.000732002 	4.48052e-05 	2
1107.0 	0.000754269 	4.19422e-05 	2
1108.0 	0.000739719 	4.52719e-05 	2
1109.0 	0.000757719 	4.12316e-05 	2
1110.0 	0.00073113 	4.31818e-05 	2
1111.0 	0.000745663 	4.07589e-05 	2
1112.0 	0.000723525 	4.38432e-05 	2
1113.0 	0.0007238 	4.10969e-05 	2
1114.0 	0.000694757 	4.43682e-05 	2
1115.0 	0.000699331 	4.18285e-05 	2
1116.0 	0.000676837 	4.41051e-05 	2
1117.0 	0.000692284 	4.0811e-05 	2
1118.0 	0.000667538 	4.32988e-05 	2
1119.0 	0.000658115 	4.03092e-05 	2
1120.0 	0.00063725 	4.25612e-05 	2
1121.0 	0.000652954 	3.9776e-05 	2
1122.0 	0.000628198 	4.16737e-05 	2
1123.0 	0.000637774 	3.81353e-05 	2
1124.0 	0.000627337 	4.02634e-05 	2
1125.0 	0.00064107 	3.49898e-05 	2
1126.0 	0.000621462 	3.75257e-05 	2
1127.0 	0.00064108 	3.37276e-05 	2
1128.0 	0.000653499 	3.55679e-05 	2
1129.0 	0.000677129 	3.00554e-05 	2
1130.0 	0.000657716 	3.25618e-05 	2
1131.0 	0.000683875 	2.62116e-05 	2
1132.0 	0.000665299 	2.93828e-05 	2
1133.0 	0.000687642 	3.13773e-05 	2
1134.0 	0.000699516 	3.49748e-05 	2
1135.0 	0.000708323 	3.24351e-05 	2
1136.0 	0.000689613 	3.65711e-05 	2
1137.0 	0.000710149 	3.59701e-05 	2
1138.0 	0.000689705 	3.90125e-05 	2
1139.0 	0.000704483 	3.73094e-05 	2
1140.0 	0.000694141 	3.95521e-05 	2
1141.0 	0.000723072 	3.73574e-05 	2
1142.0 	0.000705907 	3.92818e-05 	2
1143.0 	0.000711045 	3.69962e-05 	2
1144.0 	0.000699511 	3.9164e-05 	2
1145.0 	0.000708048 	3.68572e-05 	2
1146.0 	0.000696373 	3.88542e-05 	2
1147.0 	0.000704195 	3.63865e-05 	2
1148.0 	0.000687799 	3.88937e-05 	2
1149.0 	0.000694443 	3.58512e-05 	2
1150.0 	0.000670097 	3.81413e-05 	2
1151.0 	0.000675975 	3.63592e-05 	2
1152.0 	0.000668975 	3.83097e-05 	2
1153.0 	0.000684757 	3.60809e-05 	2
1154.0 	0.000673551 	3.85179e-05 	2
1155.0 	0.000675147 	3.62524e-05 	2
1156.0 	0.00065272 	3.84839e-05 	2
1157.0 	0.000669995 	3.58862e-05 	2
1158.0 	0.000654739 	3.82654e-05 	2
1159.0 	0.000666467 	3.60109e-05 	2
1160.0 	0.000651327 	3.80129e-05 	2
1161.0 	0.000668182 	3.55195e-05 	2
1162.0 	0.000653502 	3.78234e-05 	2
1163.0 	0.000659373 	3.5503e-05 	2
1164.0 	0.000650846 	3.78331e-05 	2
1165.0 	0.000675494 	3.52165e-05 	2
1166.0 	0.000664175 	3.69305e-05 	2
1167.0 	0.00067553 	3.46837e-05 	2
1168.0 	0.000655032 	3.7067e-05 	2
1169.0 	0.000664518 	3.50624e-05 	2
1170.0 	0.000661548 	3.75073e-05 	2
1171.0 	0.000669985 	3.55617e-05 	2
1172.0 	0.000651454 	3.81848e-05 	2
1173.0 	0.000650556 	3.57266e-05 	2
1174.0 	0.000647822 	3.73888e-05 	2
1175.0 	0.000656971 	3.47185e-05 	2
1176.0 	0.000652592 	3.64115e-05 	2
1177.0 	0.000654623 	3.40893e-05 	2
1178.0 	0.000644531 	3.7001e-05 	2
1179.0 	0.000658557 	3.44965e-05 	2
1180.0 	0.000652615 	3.69665e-05 	2
1181.0 	0.000650077 	3.48791e-05 	2
1182.0 	0.000643856 	3.72697e-05 	2
1183.0 	0.000662715 	3.54143e-05 	2
1184.0 	0.000630325 	3.78637e-05 	2
1185.0 	0.000656464 	3.54553e-05 	2
1186.0 	0.000632021 	3.74797e-05 	2
1187.0 	0.00063429 	3.53087e-05 	2
1188.0 	0.00062656 	3.77509e-05 	2
1189.0 	0.000644456 	3.48456e-05 	2
1190.0 	0.000624921 	3.71708e-05 	2
1191.0 	0.00063815 	3.5039e-05 	2
1192.0 	0.000636413 	3.71458e-05 	2
1193.0 	0.000653712 	3.46318e-05 	2
1194.0 	0.000643374 	3.71046e-05 	2
1195.0 	0.000646155 	3.4364e-05 	2
1196.0 	0.000644627 	3.70662e-05 	2
1197.0 	0.000675402 	3.44213e-05 	2
1198.0 	0.000660665 	3.67634e-05 	2
1199.0 	0.000681573 	3.42381e-05 	2
1200.0 	0.000673838 	3.64017e-05 	2
1201.0 	0.000700805 	3.42938e-05 	2
1202.0 	0.000684682 	3.68931e-05 	2
1203.0 	0.000696562 	3.47807e-05 	2
1204.0 	0.000681803 	3.76433e-05 	2
1205.0 	0.000695266 	3.52391e-05 	2
1206.0 	0.000674915 	3.75261e-05 	2
1207.0 	0.000691163 	3.5393e-05 	2
1208.0 	0.000669543 	3.7941e-05 	2
1209.0 	0.000683885 	3.57327e-05 	2
1210.0 	0.000672465 	3.79725e-05 	2
1211.0 	0.000682947 	3.52e-05 	2
1212.0 	0.00067934 	3.72538e-05 	2
1213.0 	0.000686871 	3.47224e-05 	2
1214.0 	0.00067501 	3.73721e-05 	2
1215.0 	0.000676465 	3.50307e-05 	2
1216.0 	0.000650455 	3.74641e-05 	2
1217.0 	0.000657415 	3.48439e-05 	2
1218.0 	0.000635576 	3.7337e-05 	2
1219.0 	0.000645159 	3.44898e-05 	2
1220.0 	0.000621016 	3.67285e-05 	2
1221.0 	0.000628411 	3.40846e-05 	2
1222.0 	0.00060146 	3.65035e-05 	2
1223.0 	0.00060734 	3.4273e-05 	2
1224.0 	0.000594896 	3.67158e-05 	2
1225.0 	0.00060739 	3.41776e-05 	2
1226.0 	0.000589419 	3.65507e-05 	2
1227.0 	0.000610131 	3.33771e-05 	2
1228.0 	0.000586199 	3.58646e-05 	2
1229.0 	0.000597787 	3.30307e-05 	2
1230.0 	0.000594049 	3.5249e-05 	2
1231.0 	0.000628368 	3.26668e-05 	2
1232.0 	0.00060412 	3.5405e-05 	2
1233.0 	0.000625169 	3.31676e-05 	2
1234.0 	0.000616693 	3.62116e-05 	2
1235.0 	0.000640525 	3.39569e-05 	2
1236.0 	0.00064731 	3.64899e-05 	2
1237.0 	0.000657088 	3.42575e-05 	2
1238.0 	0.000652066 	3.72666e-05 	2
1239.0 	0.000665505 	3.47261e-05 	2
1240.0 	0.00064457 	3.63843e-05 	2
1241.0 	0.000663906 	3.39997e-05 	2
1242.0 	0.000655752 	3.65847e-05 	2
1243.0 	0.000663042 	3.42076e-05 	2
1244.0 	0.000659911 	3.68775e-05 	2
1245.0 	0.000683135 	3.42122e-05 	2
1246.0 	0.000666852 	3.66878e-05 	2
1247.0 	0.000678067 	3.45069e-05 	2
1248.0 	0.000668175 	3.74659e-05 	2
1249.0 	0.000688571 	3.51041e-05 	2
1250.0 	0.000664377 	3.71045e-05 	2
1251.0 	0.000673577 	3.42077e-05 	2
1252.0 	0.000666688 	3.63072e-05 	2
1253.0 	0.000659541 	3.41364e-05 	2
1254.0 	0.000643849 	3.67436e-05 	2
1255.0 	0.000655854 	3.43352e-05 	2
1256.0 	0.000645866 	3.71122e-05 	2
1257.0 	0.000647227 	3.46906e-05 	2
1258.0 	0.000626365 	3.75743e-05 	2
1259.0 	0.000629882 	3.47907e-05 	2
1260.0 	0.00062805 	3.71333e-05 	2
1261.0 	0.000631093 	3.43024e-05 	2
1262.0 	0.000609663 	3.72581e-05 	2
1263.0 	0.000619434 	3.43945e-05 	2
1264.0 	0.000598686 	3.71238e-05 	2
1265.0 	0.000614019 	3.42291e-05 	2
1266.0 	0.000601359 	3.64007e-05 	2
1267.0 	0.000619483 	3.36195e-05 	2
1268.0 	0.000612718 	3.62527e-05 	2
1269.0 	0.000620971 	3.29203e-05 	2
1270.0 	0.000616998 	3.49929e-05 	2
1271.0 	0.000638042 	3.24102e-05 	2
1272.0 	0.000635192 	3.52262e-05 	2
1273.0 	0.000644973 	3.30878e-05 	2
1274.0 	0.000656255 	3.60998e-05 	2
1275.0 	0.00066205 	3.32084e-05 	2
1276.0 	0.000647492 	3.6117e-05 	2
1277.0 	0.000663433 	3.38038e-05 	2
1278.0 	0.000645764 	3.67894e-05 	2
1279.0 	0.000647935 	3.44683e-05 	2
1280.0 	0.00064202 	3.72241e-05 	2
1281.0 	0.00065473 	3.51289e-05 	2
1282.0 	0.00065655 	3.73851e-05 	2
1283.0 	0.000660215 	3.42353e-05 	2
1284.0 	0.0006666 	3.63913e-05 	2
1285.0 	0.000681993 	3.36144e-05 	2
1286.0 	0.000669486 	3.62071e-05 	2
1287.0 	0.000675214 	6.73278e-05 	1
1288.0 	0.000650678 	4.27287e-05 	2
1289.0 	0.000652293 	4.98828e-05 	2
1290.0 	0.000653265 	5.07933e-05 	2
1291.0 	0.000669917 	4.47606e-05 	2
1292.0 	0.000656559 	4.79733e-05 	2
1293.0 	0.000662877 	4.65518e-05 	2
1294.0 	0.000650556 	4.83654e-05 	2
1295.0 	0.000658952 	4.32622e-05 	2
1296.0 	0.000648936 	4.29913e-05 	2
1297.0 	0.000664207 	3.7096e-05 	2
1298.0 	0.00064931 	3.73759e-05 	2
1299.0 	0.000655921 	3.06306e-05 	2
1300.0 	0.000635748 	3.23017e-05 	2
1301.0 	0.000648379 	2.72619e-05 	2
1302.0 	0.000632353 	3.0463e-05 	2
1303.0 	0.000633415 	2.77997e-05 	2
1304.0 	0.000635685 	3.27381e-05 	2
1305.0 	0.000641945 	2.92952e-05 	2
1306.0 	0.000625832 	3.43416e-05 	2
1307.0 	0.000647318 	3.17252e-05 	2
1308.0 	0.000640518 	3.67657e-05 	2
1309.0 	0.000656141 	3.45415e-05 	2
1310.0 	0.000638785 	3.87559e-05 	2
1311.0 	0.000643621 	3.50158e-05 	2
1312.0 	0.000631446 	3.82314e-05 	2
1313.0 	0.000651199 	3.53336e-05 	2
1314.0 	0.000642034 	3.82311e-05 	2
1315.0 	0.000656315 	3.45023e-05 	2
1316.0 	0.000627337 	3.80829e-05 	2
1317.0 	0.000641036 	3.40212e-05 	2
1318.0 	0.000625395 	3.68321e-05 	2
1319.0 	0.00062316 	3.29458e-05 	2
1320.0 	0.000619922 	3.57932e-05 	2
1321.0 	0.00064289 	3.30151e-05 	2
1322.0 	0.000628814 	3.62783e-05 	2
1323.0 	0.000645654 	3.29646e-05 	2
1324.0 	0.000635024 	3.66662e-05 	2
1325.0 	0.000655222 	3.34931e-05 	2
1326.0 	0.000636473 	3.73631e-05 	2
1327.0 	0.000669843 	3.49042e-05 	2
1328.0 	0.000646796 	3.94786e-05 	2
1329.0 	0.000656726 	3.73542e-05 	2
1330.0 	0.000658348 	4.09118e-05 	2
1331.0 	0.000668135 	3.86907e-05 	2
1332.0 	0.000662654 	4.20809e-05 	2
1333.0 	0.000679035 	3.91168e-05 	2
1334.0 	0.000660509 	4.11516e-05 	2
1335.0 	0.000670281 	3.71901e-05 	2
1336.0 	0.000652248 	3.96527e-05 	2
1337.0 	0.000665837 	3.63361e-05 	2
1338.0 	0.000659973 	3.93761e-05 	2
1339.0 	0.000661219 	3.57949e-05 	2
1340.0 	0.000651068 	3.856e-05 	2
1341.0 	0.000657801 	3.48767e-05 	2
1342.0 	0.000636591 	3.77359e-05 	2
1343.0 	0.000640216 	3.48284e-05 	2
1344.0 	0.000629257 	3.74785e-05 	2
1345.0 	0.000651 	3.44538e-05 	2
1346.0 	0.000638305 	3.75737e-05 	2
1347.0 	0.000644178 	3.44031e-05 	2
1348.0 	0.000636039 	3.84591e-05 	2
1349.0 	0.00064853 	3.56883e-05 	2
1350.0 	0.000633224 	3.88601e-05 	2
1351.0 	0.000648697 	3.61289e-05 	2
1352.0 	0.000647023 	3.88382e-05 	2
1353.0 	0.000654953 	3.62746e-05 	2
1354.0 	0.000648481 	3.94043e-05 	2
1355.0 	0.000655757 	3.56483e-05 	2
1356.0 	0.0006543 	3.81074e-05 	2
1357.0 	0.000672397 	3.55545e-05 	2
1358.0 	0.000670833 	3.93169e-05 	2
1359.0 	0.00067614 	3.68427e-05 	2
1360.0 	0.000663963 	3.94722e-05 	2
1361.0 	0.000674792 	3.60087e-05 	2
1362.0 	0.000660198 	3.94023e-05 	2
1363.0 	0.000668988 	3.7513e-05 	2
1364.0 	0.000659994 	4.0564e-05 	2
1365.0 	0.000652814 	3.66739e-05 	2
1366.0 	0.000635949 	3.91232e-05 	2
1367.0 	0.00064227 	3.63292e-05 	2
1368.0 	0.000639596 	3.91441e-05 	2
1369.0 	0.00064309 	3.62447e-05 	2
1370.0 	0.00062618 	3.91642e-05 	2
1371.0 	0.000636148 	3.56582e-05 	2
1372.0 	0.000615875 	3.81234e-05 	2
1373.0 	0.000621589 	3.52393e-05 	2
1374.0 	0.000610575 	3.76742e-05 	2
1375.0 	0.00062151 	3.56911e-05 	2
1376.0 	0.000601962 	3.8693e-05 	2
1377.0 	0.000607777 	3.66604e-05 	2
1378.0 	0.000601967 	4.02994e-05 	2
1379.0 	0.00061011 	3.82131e-05 	2
1380.0 	0.000604592 	4.09545e-05 	2
1381.0 	0.000616366 	3.8178e-05 	2
1382.0 	0.000609298 	4.10585e-05 	2
1383.0 	0.000625309 	3.7913e-05 	2
1384.0 	0.000617944 	3.97238e-05 	2
1385.0 	0.000633822 	3.5912e-05 	2
1386.0 	0.000640784 	3.82664e-05 	2
1387.0 	0.000648448 	3.49664e-05 	2
1388.0 	0.000639477 	3.81762e-05 	2
1389.0 	0.000642907 	3.39349e-05 	2
1390.0 	0.000644675 	3.6538e-05 	2
1391.0 	0.000648931 	3.30219e-05 	2
1392.0 	0.00064307 	3.59549e-05 	2
1393.0 	0.000661082 	3.38829e-05 	2
1394.0 	0.00066408 	3.81275e-05 	2
1395.0 	0.000671244 	3.52103e-05 	2
1396.0 	0.000669493 	3.92711e-05 	2
1397.0 	0.000671158 	3.60451e-05 	2
1398.0 	0.000669932 	3.8474e-05 	2
1399.0 	0.000678991 	3.52326e-05 	2
1400.0 	0.000674311 	3.79954e-05 	2
1401.0 	0.000685295 	3.55923e-05 	2
1402.0 	0.000672248 	3.87701e-05 	2
1403.0 	0.000676392 	3.76469e-05 	2
1404.0 	0.000656267 	4.14394e-05 	2
1405.0 	0.000660652 	4.02941e-05 	2
1406.0 	0.000650865 	4.38626e-05 	2
1407.0 	0.000656568 	4.27557e-05 	2
1408.0 	0.000648444 	4.66076e-05 	2
1409.0 	0.000657019 	4.46948e-05 	2
1410.0 	0.000645102 	4.63848e-05 	2
1411.0 	0.000657895 	4.36228e-05 	2
1412.0 	0.000653611 	4.5243e-05 	2
1413.0 	0.000649639 	4.18472e-05 	2
1414.0 	0.000641805 	4.27545e-05 	2
1415.0 	0.00064277 	3.95134e-05 	2
1416.0 	0.000630697 	4.06104e-05 	2
1417.0 	0.000631759 	3.66908e-05 	2
1418.0 	0.000615818 	3.87555e-05 	2
1419.0 	0.000621592 	3.61723e-05 	2
1420.0 	0.000597778 	3.86057e-05 	2
1421.0 	0.000600335 	3.5433e-05 	2
1422.0 	0.000597116 	3.81593e-05 	2
1423.0 	0.000604551 	3.62346e-05 	2
1424.0 	0.000601182 	3.9118e-05 	2
1425.0 	0.000603612 	3.60387e-05 	2
1426.0 	0.000608941 	3.78108e-05 	2
1427.0 	0.000610003 	3.35786e-05 	2
1428.0 	0.000607058 	3.61267e-05 	2
1429.0 	0.000618006 	3.2576e-05 	2
1430.0 	0.000608802 	3.48214e-05 	2
1431.0 	0.00061336 	3.2104e-05 	2
1432.0 	0.00060645 	3.56812e-05 	2
1433.0 	0.000613212 	3.43972e-05 	2
1434.0 	0.00061059 	3.83104e-05 	2
1435.0 	0.000633783 	3.63949e-05 	2
1436.0 	0.000636856 	4.03797e-05 	2
1437.0 	0.00065218 	3.85557e-05 	2
1438.0 	0.000644042 	4.22856e-05 	2
1439.0 	0.000664654 	4.04468e-05 	2
1440.0 	0.000667259 	4.25886e-05 	2
1441.0 	0.000674843 	3.9631e-05 	2
1442.0 	0.000677724 	4.18564e-05 	2
1443.0 	0.000683728 	3.9094e-05 	2
1444.0 	0.000681306 	4.16978e-05 	2
1445.0 	0.00068685 	4.01669e-05 	2
1446.0 	0.00067476 	4.32601e-05 	2
1447.0 	0.000689592 	4.08624e-05 	2
1448.0 	0.000679326 	4.39981e-05 	2
1449.0 	0.000677694 	4.1895e-05 	2
1450.0 	0.000666107 	4.43351e-05 	2
1451.0 	0.000669614 	4.1393e-05 	2
1452.0 	0.000659763 	4.33173e-05 	2
1453.0 	0.000668679 	4.13431e-05 	2
1454.0 	0.000666965 	4.28703e-05 	2
1455.0 	0.000661484 	4.05623e-05 	2
1456.0 	0.000652957 	4.2741e-05 	2
1457.0 	0.000647549 	4.06663e-05 	2
1458.0 	0.000640518 	4.34045e-05 	2
1459.0 	0.000643301 	4.13054e-05 	2
1460.0 	0.000633839 	4.34869e-05 	2
1461.0 	0.000632886 	4.07164e-05 	2
1462.0 	0.000625174 	4.21296e-05 	2
1463.0 	0.000617398 	3.96946e-05 	2
1464.0 	0.000614119 	4.14887e-05 	2
1465.0 	0.000625014 	3.92315e-05 	2
1466.0 	0.000610108 	4.1367e-05 	2
1467.0 	0.00060803 	3.85199e-05 	2
1468.0 	0.000600427 	4.09119e-05 	2
1469.0 	0.000616099 	3.83069e-05 	2
1470.0 	0.000606943 	3.99041e-05 	2
1471.0 	0.000606561 	3.66628e-05 	2
1472.0 	0.000605336 	3.84995e-05 	2
1473.0 	0.000612932 	3.60224e-05 	2
1474.0 	0.000599066 	3.86396e-05 	2
1475.0 	0.000606075 	3.63759e-05 	2
1476.0 	0.000610947 	3.87895e-05 	2
1477.0 	0.000620768 	3.67789e-05 	2
1478.0 	0.000617887 	3.9711e-05 	2
1479.0 	0.000622316 	3.71142e-05 	2
1480.0 	0.000623423 	3.94178e-05 	2
1481.0 	0.00062488 	3.67526e-05 	2
1482.0 	0.000624657 	3.96331e-05 	2
1483.0 	0.000635401 	3.78443e-05 	2
1484.0 	0.000624889 	4.09507e-05 	2
1485.0 	0.000629374 	3.92798e-05 	2
1486.0 	0.00063074 	4.2332e-05 	2
1487.0 	0.000638254 	4.01563e-05 	2
1488.0 	0.000635925 	4.24396e-05 	2
1489.0 	0.000647154 	4.07031e-05 	2
1490.0 	0.00064043 	4.29285e-05 	2
1491.0 	0.000647715 	4.01824e-05 	2
1492.0 	0.000638307 	4.26978e-05 	2
1493.0 	0.000648457 	4.05811e-05 	2
1494.0 	0.00064563 	4.25049e-05 	2
1495.0 	0.000654031 	4.06944e-05 	2
1496.0 	0.000649645 	4.39247e-05 	2
1497.0 	0.000648023 	4.27675e-05 	2
1498.0 	0.000644944 	4.58895e-05 	2
1499.0 	0.000650401 	4.37402e-05 	2
1500.0 	0.000647382 	4.5829e-05 	2
1501.0 	0.000655371 	4.36143e-05 	2
1502.0 	0.000644964 	4.51687e-05 	2
1503.0 	0.000652828 	4.24494e-05 	2
1504.0 	0.000647381 	4.37826e-05 	2
1505.0 	0.000641336 	4.0685e-05 	2
1506.0 	0.000650766 	4.17479e-05 	2
1507.0 	0.000653016 	3.82346e-05 	2
1508.0 	0.000645182 	4.03941e-05 	2
1509.0 	0.000645603 	3.76383e-05 	2
1510.0 	0.000635158 	3.97407e-05 	2
1511.0 	0.000630067 	3.79482e-05 	2
1512.0 	0.000639528 	4.08683e-05 	2
1513.0 	0.000641132 	4.02935e-05 	2
1514.0 	0.000630942 	4.32853e-05 	2
1515.0 	0.00063791 	4.21354e-05 	2
1516.0 	0.000633144 	4.5089e-05 	2
1517.0 	0.000639298 	4.32505e-05 	2
1518.0 	0.000639695 	4.55676e-05 	2
1519.0 	0.000643511 	4.28786e-05 	2
1520.0 	0.000638223 	4.41664e-05 	2
1521.0 	0.000630273 	4.11435e-05 	2
1522.0 	0.000628655 	4.19297e-05 	2
1523.0 	0.0006223 	3.89677e-05 	2
1524.0 	0.000621044 	4.05271e-05 	2
1525.0 	0.000625097 	3.80356e-05 	2
1526.0 	0.000614136 	3.97942e-05 	2
1527.0 	0.000616411 	3.79185e-05 	2
1528.0 	0.000610254 	4.10343e-05 	2
1529.0 	0.0006087 	3.96718e-05 	2
1530.0 	0.000610632 	4.19531e-05 	2
1531.0 	0.000614923 	4.06054e-05 	2
1532.0 	0.000612921 	4.36802e-05 	2
1533.0 	0.000614904 	4.13052e-05 	2
1534.0 	0.000614853 	4.27005e-05 	2
1535.0 	0.000615968 	4.05042e-05 	2
1536.0 	0.000608755 	4.25134e-05 	2
1537.0 	0.000611881 	3.9931e-05 	2
1538.0 	0.000608794 	4.1828e-05 	2
1539.0 	0.00060649 	3.92746e-05 	2
1540.0 	0.000605982 	4.11334e-05 	2
1541.0 	0.000602772 	3.892e-05 	2
1542.0 	0.000600511 	4.1025e-05 	2
1543.0 	0.000605643 	3.91943e-05 	2
1544.0 	0.000602992 	4.15615e-05 	2
1545.0 	0.000605741 	3.98855e-05 	2
1546.0 	0.000611924 	4.2201e-05 	2
1547.0 	0.000614198 	4.0641e-05 	2
1548.0 	0.000619976 	4.30736e-05 	2
1549.0 	0.000627816 	4.08949e-05 	2
1550.0 	0.000629088 	4.28996e-05 	2
1551.0 	0.000632372 	4.08443e-05 	2
1552.0 	0.000635845 	4.29357e-05 	2
1553.0 	0.000638232 	4.15072e-05 	2
1554.0 	0.00063719 	4.46309e-05 	2
1555.0 	0.000656857 	4.35771e-05 	2
1556.0 	0.000653116 	4.63014e-05 	2
1557.0 	0.000652022 	4.39396e-05 	2
1558.0 	0.000647325 	4.6011e-05 	2
1559.0 	0.000651141 	4.38247e-05 	2
1560.0 	0.000653103 	4.54447e-05 	2
1561.0 	0.000660432 	4.26599e-05 	2
1562.0 	0.000659314 	4.35592e-05 	2
1563.0 	0.000652809 	4.06871e-05 	2
1564.0 	0.000645549 	4.26514e-05 	2
1565.0 	0.000639705 	4.10321e-05 	2
1566.0 	0.000637356 	4.31634e-05 	2
1567.0 	0.00063882 	4.14991e-05 	2
1568.0 	0.000644404 	4.35785e-05 	2
1569.0 	0.000641586 	4.13268e-05 	2
1570.0 	0.000636572 	4.33666e-05 	2
1571.0 	0.000628504 	4.1773e-05 	2
1572.0 	0.000633826 	4.39591e-05 	2
1573.0 	0.000634689 	4.24536e-05 	2
1574.0 	0.000633774 	4.51342e-05 	2
1575.0 	0.000632045 	4.37978e-05 	2
1576.0 	0.000632043 	4.56732e-05 	2
1577.0 	0.000630266 	4.27659e-05 	2
1578.0 	0.000630933 	4.40702e-05 	2
1579.0 	0.000633429 	4.18695e-05 	2
1580.0 	0.000625124 	4.3385e-05 	2
1581.0 	0.000617428 	4.07009e-05 	2
1582.0 	0.000616412 	4.24485e-05 	2
1583.0 	0.000609919 	4.06603e-05 	2
1584.0 	0.000608047 	4.25974e-05 	2
1585.0 	0.000614229 	4.0536e-05 	2
1586.0 	0.000609108 	4.22366e-05 	2
1587.0 	0.000613961 	3.98674e-05 	2
1588.0 	0.000607479 	4.24272e-05 	2
1589.0 	0.00060389 	4.03507e-05 	2
1590.0 	0.000608097 	4.20349e-05 	2
1591.0 	0.000606628 	4.00389e-05 	2
1592.0 	0.000603986 	4.22905e-05 	2
1593.0 	0.000595464 	4.0776e-05 	2
1594.0 	0.000599168 	4.24833e-05 	2
1595.0 	0.000590877 	4.03175e-05 	2
1596.0 	0.000589533 	4.26093e-05 	2
1597.0 	0.000592188 	4.12941e-05 	2
1598.0 	0.000595629 	4.36057e-05 	2
1599.0 	0.000593172 	4.16358e-05 	2
1600.0 	0.000596105 	4.334e-05 	2
1601.0 	0.000598482 	4.06088e-05 	2
1602.0 	0.000606718 	4.21286e-05 	2
1603.0 	0.000610994 	4.02053e-05 	2
1604.0 	0.000619815 	4.23419e-05 	2
1605.0 	0.000615756 	4.01947e-05 	2
1606.0 	0.000615567 	4.2397e-05 	2
1607.0 	0.000620878 	4.11177e-05 	2
1608.0 	0.000621737 	4.31839e-05 	2
1609.0 	0.000628735 	4.15653e-05 	2
1610.0 	0.000636531 	4.41256e-05 	2
1611.0 	0.000635323 	4.25018e-05 	2
1612.0 	0.000636376 	4.54306e-05 	2
1613.0 	0.000643342 	4.3836e-05 	2
1614.0 	0.000639465 	4.60086e-05 	2
1615.0 	0.000646757 	4.46439e-05 	2
1616.0 	0.000645389 	4.69266e-05 	2
1617.0 	0.000655909 	4.4369e-05 	2
1618.0 	0.00065517 	4.56521e-05 	2
1619.0 	0.000646713 	4.32229e-05 	2
1620.0 	0.000657758 	4.47145e-05 	2
1621.0 	0.00065546 	4.25478e-05 	2
1622.0 	0.000657457 	4.35009e-05 	2
1623.0 	0.000647001 	4.05933e-05 	2
1624.0 	0.000643475 	4.24747e-05 	2
1625.0 	0.000629178 	4.12679e-05 	2
1626.0 	0.000632316 	4.34948e-05 	2
1627.0 	0.000629729 	4.20719e-05 	2
1628.0 	0.000633395 	4.44032e-05 	2
1629.0 	0.000625723 	4.35564e-05 	2
1630.0 	0.000630052 	4.63046e-05 	2
1631.0 	0.000621534 	4.58457e-05 	2
1632.0 	0.000628326 	4.77135e-05 	2
1633.0 	0.000631516 	4.5999e-05 	2
1634.0 	0.000629508 	4.7222e-05 	2
1635.0 	0.000626192 	4.45237e-05 	2
1636.0 	0.00062389 	4.53199e-05 	2
1637.0 	0.000615233 	4.2281e-05 	2
1638.0 	0.000614507 	4.29757e-05 	2
1639.0 	0.000612343 	3.99658e-05 	2
1640.0 	0.00061341 	4.10736e-05 	2
1641.0 	0.000600684 	3.87955e-05 	2
1642.0 	0.000606546 	4.09885e-05 	2
1643.0 	0.000596433 	3.94362e-05 	2
1644.0 	0.000604369 	4.15778e-05 	2
1645.0 	0.000599696 	4.00492e-05 	2
1646.0 	0.000602883 	4.25268e-05 	2
1647.0 	0.000599095 	4.15788e-05 	2
1648.0 	0.000601055 	4.40292e-05 	2
1649.0 	0.000596392 	4.26709e-05 	2
1650.0 	0.000603416 	4.49323e-05 	2
1651.0 	0.000611005 	4.38738e-05 	2
1652.0 	0.000612514 	4.61036e-05 	2
1653.0 	0.000606114 	4.40385e-05 	2
1654.0 	0.000611542 	4.50401e-05 	2
1655.0 	0.000603975 	4.23352e-05 	2
1656.0 	0.000605137 	4.35403e-05 	2
1657.0 	0.000604869 	4.14099e-05 	2
1658.0 	0.000605259 	4.23426e-05 	2
1659.0 	0.000599191 	3.94342e-05 	2
1660.0 	0.000611292 	4.06225e-05 	2
1661.0 	0.00060091 	3.89128e-05 	2
1662.0 	0.000614176 	4.09098e-05 	2
1663.0 	0.000613324 	3.9375e-05 	2
1664.0 	0.000625748 	4.18618e-05 	2
1665.0 	0.00062603 	4.10432e-05 	2
1666.0 	0.000635644 	4.35052e-05 	2
1667.0 	0.00063234 	4.29565e-05 	2
1668.0 	0.000653187 	4.60912e-05 	2
1669.0 	0.000643426 	4.54711e-05 	2
1670.0 	0.000663311 	4.81025e-05 	2
1671.0 	0.000668922 	4.72661e-05 	2
1672.0 	0.000676096 	4.93158e-05 	2
1673.0 	0.000669077 	4.70316e-05 	2
1674.0 	0.000685649 	4.81855e-05 	2
1675.0 	0.0006764 	4.61579e-05 	2
1676.0 	0.000679643 	4.7501e-05 	2
1677.0 	0.000658264 	4.47652e-05 	2
1678.0 	0.000667015 	4.46804e-05 	2
1679.0 	0.000649796 	4.14352e-05 	2
1680.0 	0.000648603 	4.23169e-05 	2
1681.0 	0.000639853 	4.05763e-05 	2
1682.0 	0.00063923 	4.29812e-05 	2
1683.0 	0.000637111 	4.16394e-05 	2
1684.0 	0.000632356 	4.42696e-05 	2
1685.0 	0.000621606 	4.35805e-05 	2
1686.0 	0.000632715 	4.57288e-05 	2
1687.0 	0.000620854 	4.45668e-05 	2
1688.0 	0.000627693 	4.6615e-05 	2
1689.0 	0.000614562 	4.5298e-05 	2
1690.0 	0.000621788 	4.65197e-05 	2
1691.0 	0.000603161 	4.41095e-05 	2
1692.0 	0.00061175 	4.52926e-05 	2
1693.0 	0.000602957 	4.30092e-05 	2
1694.0 	0.00060346 	4.38495e-05 	2
1695.0 	0.000591243 	4.07327e-05 	2
1696.0 	0.000592167 	4.13664e-05 	2
1697.0 	0.000578792 	3.88836e-05 	2
1698.0 	0.000592863 	4.07053e-05 	2
1699.0 	0.00058601 	3.98198e-05 	2
1700.0 	0.000600667 	4.23088e-05 	2
1701.0 	0.000590283 	4.11631e-05 	2
1702.0 	0.000601692 	4.32616e-05 	2
1703.0 	0.000592602 	4.14212e-05 	2
1704.0 	0.000603928 	4.37095e-05 	2
1705.0 	0.000598396 	4.22732e-05 	2
1706.0 	0.000602458 	4.41116e-05 	2
1707.0 	0.00060057 	4.15557e-05 	2
1708.0 	0.000609601 	4.29183e-05 	2
1709.0 	0.000595026 	4.09654e-05 	2
1710.0 	0.000611445 	4.26946e-05 	2
1711.0 	0.000603626 	4.06075e-05 	2
1712.0 	0.000610001 	4.26338e-05 	2
1713.0 	0.000607319 	4.07543e-05 	2
1714.0 	0.000617683 	4.2617e-05 	2
1715.0 	0.000608902 	4.12045e-05 	2
1716.0 	0.000622705 	4.36131e-05 	2
1717.0 	0.00061611 	4.23654e-05 	2
1718.0 	0.000626822 	4.44926e-05 	2
1719.0 	0.000626747 	4.34032e-05 	2
1720.0 	0.000639087 	4.58051e-05 	2
1721.0 	0.000628943 	4.47345e-05 	2
1722.0 	0.00064256 	4.69895e-05 	2
1723.0 	0.000638543 	4.50747e-05 	2
1724.0 	0.000648239 	4.65743e-05 	2
1725.0 	0.000642764 	4.47389e-05 	2
1726.0 	0.000651743 	4.60359e-05 	2
1727.0 	0.000641527 	4.45501e-05 	2
1728.0 	0.000646777 	4.597e-05 	2
1729.0 	0.000635246 	4.42326e-05 	2
1730.0 	0.000654386 	4.58408e-05 	2
1731.0 	0.000639137 	4.39642e-05 	2
1732.0 	0.000646212 	4.58401e-05 	2
1733.0 	0.000627516 	4.44245e-05 	2
1734.0 	0.000644149 	4.61392e-05 	2
1735.0 	0.000634064 	4.4619e-05 	2
1736.0 	0.000641658 	4.61499e-05 	2
1737.0 	0.000627368 	4.47891e-05 	2
1738.0 	0.000636884 	4.59561e-05 	2
1739.0 	0.000622241 	4.40753e-05 	2
1740.0 	0.000636198 	4.55417e-05 	2
1741.0 	0.00061718 	4.32925e-05 	2
1742.0 	0.000626445 	4.40086e-05 	2
1743.0 	0.000608501 	4.14665e-05 	2
1744.0 	0.000611283 	4.29329e-05 	2
1745.0 	0.000593573 	4.16032e-05 	2
1746.0 	0.000611061 	4.30711e-05 	2
1747.0 	0.000594293 	4.14768e-05 	2
1748.0 	0.000606488 	4.35744e-05 	2
1749.0 	0.000592653 	4.20359e-05 	2
1750.0 	0.000601976 	4.3478e-05 	2
1751.0 	0.000589982 	4.19391e-05 	2
1752.0 	0.000604891 	4.3728e-05 	2
1753.0 	0.000592352 	4.22194e-05 	2
1754.0 	0.000606815 	4.38034e-05 	2
1755.0 	0.000590841 	4.25743e-05 	2
1756.0 	0.000611996 	4.45443e-05 	2
1757.0 	0.000597159 	4.24724e-05 	2
1758.0 	0.000606647 	4.31385e-05 	2
1759.0 	0.000599214 	4.09591e-05 	2
1760.0 	0.000614084 	4.21726e-05 	2
1761.0 	0.000597156 	4.03503e-05 	2
1762.0 	0.000610173 	4.22681e-05 	2
1763.0 	0.000599579 	4.08172e-05 	2
1764.0 	0.000606906 	4.26862e-05 	2
1765.0 	0.000600743 	4.11643e-05 	2
1766.0 	0.000614637 	4.29059e-05 	2
1767.0 	0.000599332 	4.1845e-05 	2
1768.0 	0.000617546 	4.37903e-05 	2
1769.0 	0.00059938 	4.22177e-05 	2
1770.0 	0.00061409 	4.40153e-05 	2
1771.0 	0.000598426 	4.25747e-05 	2
1772.0 	0.000638017 	4.45085e-05 	2
1773.0 	0.000611884 	4.31717e-05 	2
1774.0 	0.000624508 	4.45041e-05 	2
1775.0 	0.000611957 	4.33207e-05 	2
1776.0 	0.00062342 	4.51857e-05 	2
1777.0 	0.000616733 	4.35575e-05 	2
1778.0 	0.000624859 	4.49528e-05 	2
1779.0 	0.00061555 	4.30777e-05 	2
1780.0 	0.000626052 	4.50014e-05 	2
1781.0 	0.000611628 	4.33974e-05 	2
1782.0 	0.000628969 	4.49284e-05 	2
1783.0 	0.000612277 	4.33926e-05 	2
1784.0 	0.000631168 	4.49492e-05 	2
1785.0 	0.000617721 	4.35154e-05 	2
1786.0 	0.000626915 	4.52165e-05 	2
1787.0 	0.000612212 	4.40498e-05 	2
1788.0 	0.000631391 	4.60113e-05 	2
1789.0 	0.000611866 	4.4382e-05 	2
1790.0 	0.000635243 	4.577e-05 	2
1791.0 	0.000621912 	4.40999e-05 	2
1792.0 	0.000634803 	4.52727e-05 	2
1793.0 	0.000609665 	4.35507e-05 	2
1794.0 	0.000621113 	4.47737e-05 	2
1795.0 	0.000618334 	4.22314e-05 	2
1796.0 	0.000629436 	4.35505e-05 	2
1797.0 	0.000607617 	4.24364e-05 	2
1798.0 	0.000620171 	4.45364e-05 	2
1799.0 	0.000597316 	4.33466e-05 	2
1800.0 	0.000613527 	4.50447e-05 	2
1801.0 	0.000594979 	4.33048e-05 	2
1802.0 	0.000610701 	4.49253e-05 	2
1803.0 	0.000593106 	4.32438e-05 	2
1804.0 	0.000602627 	4.4891e-05 	2
1805.0 	0.00058661 	4.28265e-05 	2
1806.0 	0.000602213 	4.3428e-05 	2
1807.0 	0.000579495 	4.13614e-05 	2
1808.0 	0.00059683 	4.25376e-05 	2
1809.0 	0.000575398 	4.07144e-05 	2
1810.0 	0.000589795 	4.21171e-05 	2
1811.0 	0.00057396 	4.02316e-05 	2
1812.0 	0.000590706 	4.19304e-05 	2
1813.0 	0.000573961 	4.06453e-05 	2
1814.0 	0.000599141 	4.24444e-05 	2
1815.0 	0.000583334 	4.07948e-05 	2
1816.0 	0.00059838 	4.23712e-05 	2
1817.0 	0.000581251 	4.06434e-05 	2
1818.0 	0.000598323 	4.26015e-05 	2
1819.0 	0.000588349 	4.14947e-05 	2
1820.0 	0.000614935 	4.31267e-05 	2
1821.0 	0.000595038 	4.13797e-05 	2
1822.0 	0.000614449 	4.36261e-05 	2
1823.0 	0.000597317 	4.28741e-05 	2
1824.0 	0.00060976 	4.47144e-05 	2
1825.0 	0.000596828 	4.27754e-05 	2
1826.0 	0.000616617 	4.41741e-05 	2
1827.0 	0.000595427 	4.26029e-05 	2
1828.0 	0.000613026 	4.43422e-05 	2
1829.0 	0.000598954 	4.29506e-05 	2
1830.0 	0.000613089 	4.44877e-05 	2
1831.0 	0.000606476 	4.18008e-05 	2
1832.0 	0.000613675 	4.32493e-05 	2
1833.0 	0.000597542 	4.21446e-05 	2
1834.0 	0.000613802 	4.40222e-05 	2
1835.0 	0.000599769 	4.24136e-05 	2
1836.0 	0.000622149 	4.37167e-05 	2
1837.0 	0.000600903 	4.19966e-05 	2
1838.0 	0.000618668 	4.34537e-05 	2
1839.0 	0.000602094 	4.21258e-05 	2
1840.0 	0.000624143 	4.44539e-05 	2
1841.0 	0.000603274 	4.37055e-05 	2
1842.0 	0.000628908 	4.58033e-05 	2
1843.0 	0.000616354 	4.46715e-05 	2
1844.0 	0.000633543 	4.64703e-05 	2
1845.0 	0.000617234 	4.53531e-05 	2
1846.0 	0.000638403 	4.67352e-05 	2
1847.0 	0.000614621 	4.51883e-05 	2
1848.0 	0.000632644 	4.64344e-05 	2
1849.0 	0.0006194 	4.44439e-05 	2
1850.0 	0.000645123 	4.59547e-05 	2
1851.0 	0.000627659 	4.46789e-05 	2
1852.0 	0.000640175 	4.59475e-05 	2
1853.0 	0.000631278 	4.30617e-05 	2
1854.0 	0.000641483 	4.36992e-05 	2
1855.0 	0.000624972 	4.12345e-05 	2
1856.0 	0.000638046 	4.23464e-05 	2
1857.0 	0.00060724 	4.05705e-05 	2
1858.0 	0.00061859 	4.21086e-05 	2
1859.0 	0.000595401 	4.02637e-05 	2
1860.0 	0.000599017 	4.18563e-05 	2
1861.0 	0.000578347 	4.02548e-05 	2
1862.0 	0.000597939 	4.19261e-05 	2
1863.0 	0.000568155 	4.08149e-05 	2
1864.0 	0.000586385 	4.2838e-05 	2
1865.0 	0.000574393 	4.15635e-05 	2
1866.0 	0.000594288 	4.3317e-05 	2
1867.0 	0.000576898 	4.19923e-05 	2
1868.0 	0.000597844 	4.33701e-05 	2
1869.0 	0.000580649 	4.19421e-05 	2
1870.0 	0.00060206 	4.33092e-05 	2
1871.0 	0.000579421 	4.1686e-05 	2
1872.0 	0.000603027 	4.30037e-05 	2
1873.0 	0.000596896 	4.10384e-05 	2
1874.0 	0.000615278 	4.16018e-05 	2
1875.0 	0.000597712 	3.91968e-05 	2
1876.0 	0.000614537 	4.11604e-05 	2
1877.0 	0.000591541 	4.02282e-05 	2
1878.0 	0.000609989 	4.25223e-05 	2
1879.0 	0.000593528 	4.13269e-05 	2
1880.0 	0.00061177 	4.3317e-05 	2
1881.0 	0.000591506 	4.22405e-05 	2
1882.0 	0.000610538 	4.43075e-05 	2
1883.0 	0.000588601 	4.31687e-05 	2
1884.0 	0.000609883 	4.47291e-05 	2
1885.0 	0.000588178 	4.31635e-05 	2
1886.0 	0.000612509 	4.39439e-05 	2
1887.0 	0.000592901 	4.14557e-05 	2
1888.0 	0.000609429 	4.2587e-05 	2
1889.0 	0.00059334 	4.04605e-05 	2
1890.0 	0.00061536 	4.18776e-05 	2
1891.0 	0.000591395 	4.06512e-05 	2
1892.0 	0.000611885 	4.25338e-05 	2
1893.0 	0.000596848 	4.04663e-05 	2
1894.0 	0.000615698 	4.17923e-05 	2
1895.0 	0.00059804 	4.10113e-05 	2
1896.0 	0.000618843 	4.36753e-05 	2
1897.0 	0.000607002 	4.31795e-05 	2
1898.0 	0.000636867 	4.53629e-05 	2
1899.0 	0.000617338 	4.42388e-05 	2
1900.0 	0.000639914 	4.65035e-05 	2
1901.0 	0.000615886 	4.55589e-05 	2
1902.0 	0.000638182 	4.70165e-05 	2
1903.0 	0.000625054 	4.54071e-05 	2
1904.0 	0.000648548 	4.68897e-05 	2
1905.0 	0.00062246 	4.48986e-05 	2
1906.0 	0.00064194 	4.55164e-05 	2
1907.0 	0.000618213 	4.33555e-05 	2
1908.0 	0.000634837 	4.46782e-05 	2
1909.0 	0.000606576 	4.24111e-05 	2
1910.0 	0.000627092 	4.3228e-05 	2
1911.0 	0.000605691 	4.10588e-05 	2
1912.0 	0.000620947 	4.18771e-05 	2
1913.0 	0.000588715 	4.00378e-05 	2
1914.0 	0.000603676 	4.12406e-05 	2
1915.0 	0.0005823 	3.96586e-05 	2
1916.0 	0.000601364 	4.17605e-05 	2
1917.0 	0.000574178 	4.06956e-05 	2
1918.0 	0.000590791 	4.23667e-05 	2
1919.0 	0.000572528 	4.09922e-05 	2
1920.0 	0.000586523 	4.26838e-05 	2
1921.0 	0.000571971 	4.14744e-05 	2
1922.0 	0.000592852 	4.28951e-05 	2
1923.0 	0.000568212 	4.12819e-05 	2
1924.0 	0.000585764 	4.26549e-05 	2
1925.0 	0.000566748 	4.10781e-05 	2
1926.0 	0.000587813 	4.20713e-05 	2
1927.0 	0.000567323 	4.0282e-05 	2
1928.0 	0.000590007 	4.19232e-05 	2
1929.0 	0.000565241 	4.01337e-05 	2
1930.0 	0.000589682 	4.13229e-05 	2
1931.0 	0.000573993 	3.95888e-05 	2
1932.0 	0.000596128 	4.13663e-05 	2
1933.0 	0.000581362 	3.99525e-05 	2
1934.0 	0.000595576 	4.19954e-05 	2
1935.0 	0.000576118 	4.05562e-05 	2
1936.0 	0.000599051 	4.22511e-05 	2
1937.0 	0.000576306 	4.11492e-05 	2
1938.0 	0.000594476 	4.31843e-05 	2
1939.0 	0.000582549 	4.18898e-05 	2
1940.0 	0.000597674 	4.39383e-05 	2
1941.0 	0.000587637 	4.14442e-05 	2
1942.0 	0.000611185 	4.21577e-05 	2
1943.0 	0.000591238 	3.95434e-05 	2
1944.0 	0.000620471 	4.10498e-05 	2
1945.0 	0.000597425 	3.97187e-05 	2
1946.0 	0.000620911 	4.1307e-05 	2
1947.0 	0.000597658 	3.95427e-05 	2
1948.0 	0.000625125 	4.12731e-05 	2
1949.0 	0.000603261 	4.04709e-05 	2
1950.0 	0.000628776 	4.28263e-05 	2
1951.0 	0.000613011 	4.28027e-05 	2
1952.0 	0.000631251 	4.56258e-05 	2
1953.0 	0.000619484 	4.47027e-05 	2
1954.0 	0.000638108 	4.70668e-05 	2
1955.0 	0.000626016 	4.58063e-05 	2
1956.0 	0.000644937 	4.71314e-05 	2
1957.0 	0.0006263 	4.56795e-05 	2
1958.0 	0.000652052 	4.6979e-05 	2
1959.0 	0.000625912 	4.48258e-05 	2
1960.0 	0.000635844 	4.51527e-05 	2
1961.0 	0.000618386 	4.20416e-05 	2
1962.0 	0.000631261 	4.22123e-05 	2
1963.0 	0.000602859 	4.01341e-05 	2
1964.0 	0.000618733 	4.16097e-05 	2
1965.0 	0.000595916 	3.92995e-05 	2
1966.0 	0.000621038 	4.07564e-05 	2
1967.0 	0.000586574 	3.99562e-05 	2
1968.0 	0.000606916 	4.17554e-05 	2
1969.0 	0.000590782 	4.07224e-05 	2
1970.0 	0.000610729 	4.29147e-05 	2
1971.0 	0.000586671 	4.21089e-05 	2
1972.0 	0.000604952 	4.36789e-05 	2
1973.0 	0.00057919 	4.2113e-05 	2
1974.0 	0.000596569 	4.36115e-05 	2
1975.0 	0.000578281 	4.19213e-05 	2
1976.0 	0.000592117 	4.30795e-05 	2
1977.0 	0.000566602 	4.05848e-05 	2
1978.0 	0.000581894 	4.20154e-05 	2
1979.0 	0.000564252 	4.0388e-05 	2
1980.0 	0.000581394 	4.1538e-05 	2
1981.0 	0.000560374 	3.9234e-05 	2
1982.0 	0.000575806 	4.02823e-05 	2
1983.0 	0.000559096 	3.8117e-05 	2
1984.0 	0.000580663 	3.95258e-05 	2
1985.0 	0.000556414 	3.79139e-05 	2
1986.0 	0.000575992 	3.95914e-05 	2
1987.0 	0.000558806 	3.8278e-05 	2
1988.0 	0.00058351 	4.02977e-05 	2
1989.0 	0.00055665 	3.90767e-05 	2
1990.0 	0.000584897 	4.14242e-05 	2
1991.0 	0.000566132 	4.07391e-05 	2
1992.0 	0.000586576 	4.25754e-05 	2
1993.0 	0.000571016 	4.1124e-05 	2
1994.0 	0.000596023 	4.27238e-05 	2
1995.0 	0.00058191 	4.06901e-05 	2
1996.0 	0.00060167 	4.23026e-05 	2
1997.0 	0.000587169 	3.99969e-05 	2
1998.0 	0.000609307 	4.08202e-05 	2
1999.0 	0.000594412 	3.94662e-05 	2
2000.0 	0.000623545 	4.16709e-05 	2
