# time 	Initial 	Final 	Iterations
121.0 	0.00305051 	0.000156923 	2
122.0 	0.00299102 	0.000155682 	2
123.0 	0.0029725 	0.000153476 	2
124.0 	0.00292259 	0.000152829 	2
125.0 	0.00293537 	0.000150897 	2
126.0 	0.0028817 	0.000150825 	2
127.0 	0.00290779 	0.00015095 	2
128.0 	0.0028855 	0.000149647 	2
129.0 	0.00290851 	0.000147685 	2
130.0 	0.00284367 	0.00014687 	2
131.0 	0.00286111 	0.000144899 	2
132.0 	0.00278171 	0.00014464 	2
133.0 	0.0028038 	0.000141896 	2
134.0 	0.00275534 	0.000141915 	2
135.0 	0.00278007 	0.000139866 	2
136.0 	0.00274266 	0.000139677 	2
137.0 	0.00277563 	0.000137257 	2
138.0 	0.00272284 	0.000137468 	2
139.0 	0.00275588 	0.000133589 	2
140.0 	0.00267899 	0.000134602 	2
141.0 	0.00271593 	0.00013123 	2
142.0 	0.00265518 	0.000131471 	2
143.0 	0.00270685 	0.000127348 	2
144.0 	0.00265327 	0.00012878 	2
145.0 	0.00268888 	0.000125777 	2
146.0 	0.00263954 	0.000125043 	2
147.0 	0.00267483 	0.000122346 	2
148.0 	0.00263341 	0.000122532 	2
149.0 	0.00267565 	0.000119376 	2
150.0 	0.00262858 	0.000120826 	2
151.0 	0.00266791 	0.000117573 	2
152.0 	0.00261821 	0.000117752 	2
153.0 	0.0026259 	0.000115492 	2
154.0 	0.00258185 	0.00011544 	2
155.0 	0.00259525 	0.000112506 	2
156.0 	0.00254897 	0.000114068 	2
157.0 	0.00258495 	0.000110961 	2
158.0 	0.00253699 	0.000111609 	2
159.0 	0.00255943 	0.000109093 	2
160.0 	0.00250811 	0.000109172 	2
161.0 	0.00252539 	0.000106978 	2
162.0 	0.0024814 	0.000108233 	2
163.0 	0.00251411 	0.000105637 	2
164.0 	0.00248976 	0.000106437 	2
165.0 	0.00252327 	0.0001041 	2
166.0 	0.00247751 	0.000105278 	2
167.0 	0.00251047 	0.000101615 	2
168.0 	0.00244959 	0.000104918 	2
169.0 	0.00248248 	0.000100581 	2
170.0 	0.00243448 	0.000103142 	2
171.0 	0.00247747 	9.93327e-05 	2
172.0 	0.00240476 	0.000102224 	2
173.0 	0.00244344 	9.78691e-05 	2
174.0 	0.00237413 	0.000101668 	2
175.0 	0.00243443 	9.73619e-05 	2
176.0 	0.00236741 	0.000101377 	2
177.0 	0.0024211 	9.65472e-05 	2
178.0 	0.00234884 	0.000100728 	2
179.0 	0.00240386 	9.56873e-05 	2
180.0 	0.00232985 	0.000100889 	2
181.0 	0.00238946 	9.57358e-05 	2
182.0 	0.00232412 	0.000100828 	2
183.0 	0.00239243 	9.544e-05 	2
184.0 	0.00231181 	0.000101965 	2
185.0 	0.00237499 	9.57564e-05 	2
186.0 	0.00230056 	0.000101855 	2
187.0 	0.00237033 	9.66209e-05 	2
188.0 	0.00229145 	0.000102272 	2
189.0 	0.00234728 	9.72232e-05 	2
190.0 	0.00226988 	0.000102489 	2
191.0 	0.00233124 	9.7845e-05 	2
192.0 	0.00225623 	0.000103562 	2
193.0 	0.00232246 	9.87476e-05 	2
194.0 	0.00224347 	0.000104347 	2
195.0 	0.00231776 	9.989e-05 	2
196.0 	0.00222926 	0.000105735 	2
197.0 	0.00231996 	0.000101585 	2
198.0 	0.00222664 	0.000107194 	2
199.0 	0.0023178 	0.000102327 	2
200.0 	0.00224357 	0.000108916 	2
201.0 	0.00232366 	0.00010391 	2
202.0 	0.00222317 	0.000110428 	2
203.0 	0.00230283 	0.000105534 	2
204.0 	0.0021972 	0.000112228 	2
205.0 	0.00227901 	0.000106714 	2
206.0 	0.00217306 	0.000113696 	2
207.0 	0.00226626 	0.000107902 	2
208.0 	0.00215193 	0.000116033 	2
209.0 	0.00225556 	0.000109778 	2
210.0 	0.00214888 	0.000118262 	2
211.0 	0.00226212 	0.000111667 	2
212.0 	0.00215811 	0.000119807 	2
213.0 	0.00227062 	0.000113449 	2
214.0 	0.00214657 	0.000122021 	2
215.0 	0.00225311 	0.000115379 	2
216.0 	0.00212501 	0.00012403 	2
217.0 	0.00224335 	0.000117576 	2
218.0 	0.00211783 	0.00012642 	2
219.0 	0.00223663 	0.00011953 	2
220.0 	0.00211273 	0.000128661 	2
221.0 	0.00223808 	0.000121658 	2
222.0 	0.00212166 	0.000130873 	2
223.0 	0.00223918 	0.00012392 	2
224.0 	0.00211196 	0.000133295 	2
225.0 	0.00222861 	0.000126547 	2
226.0 	0.0021059 	0.000135887 	2
227.0 	0.00222935 	0.000128908 	2
228.0 	0.00210759 	0.000138158 	2
229.0 	0.00223136 	0.000131218 	2
230.0 	0.00210358 	0.000140467 	2
231.0 	0.00222614 	0.00013317 	2
232.0 	0.00208932 	0.000142419 	2
233.0 	0.00221609 	0.000134793 	2
234.0 	0.00207258 	0.000144715 	2
235.0 	0.00220221 	0.00013666 	2
236.0 	0.00205105 	0.000146945 	2
237.0 	0.0021952 	0.000138452 	2
238.0 	0.00204297 	0.000149228 	2
239.0 	0.00219107 	0.000139875 	2
240.0 	0.00202625 	0.000151067 	2
241.0 	0.0021826 	0.000141426 	2
242.0 	0.00201165 	0.000152903 	2
243.0 	0.00216894 	0.000143065 	2
244.0 	0.00199827 	0.000154606 	2
245.0 	0.0021691 	0.00014472 	2
246.0 	0.00199812 	0.000156319 	2
247.0 	0.00216773 	0.000146217 	2
248.0 	0.0019867 	0.0001579 	2
249.0 	0.00216161 	0.000147491 	2
250.0 	0.00197448 	0.000159755 	2
251.0 	0.00215336 	0.000149183 	2
252.0 	0.00197087 	0.000161401 	2
253.0 	0.00215289 	0.000150467 	2
254.0 	0.0019694 	0.000162348 	2
255.0 	0.00215557 	0.000151819 	2
256.0 	0.00196684 	0.00016383 	2
257.0 	0.00213843 	0.000152515 	2
258.0 	0.00194639 	0.000164615 	2
259.0 	0.00212487 	0.000153389 	2
260.0 	0.00193398 	0.000165986 	2
261.0 	0.00211563 	0.000154627 	2
262.0 	0.001925 	0.000166884 	2
263.0 	0.00211064 	0.000155613 	2
264.0 	0.00192058 	0.000167957 	2
265.0 	0.00209672 	0.000156518 	2
266.0 	0.00190295 	0.000168752 	2
267.0 	0.00208213 	0.000157217 	2
268.0 	0.00189928 	0.000169649 	2
269.0 	0.00207595 	0.00015813 	2
270.0 	0.00188862 	0.00017048 	2
271.0 	0.00206774 	0.000158681 	2
272.0 	0.00188129 	0.000171052 	2
273.0 	0.00204886 	0.000159179 	2
274.0 	0.00186685 	0.000171874 	2
275.0 	0.00203994 	0.000159913 	2
276.0 	0.0018604 	0.000172258 	2
277.0 	0.00202852 	0.000160208 	2
278.0 	0.00184724 	0.000172946 	2
279.0 	0.00201886 	0.000160727 	2
280.0 	0.0018381 	0.000173305 	2
281.0 	0.0020031 	0.000161213 	2
282.0 	0.00182814 	0.000174131 	2
283.0 	0.00200313 	0.000161827 	2
284.0 	0.00182165 	0.000174439 	2
285.0 	0.0019844 	0.000162166 	2
286.0 	0.00180595 	0.000175243 	2
287.0 	0.00198016 	0.000162683 	2
288.0 	0.00180291 	0.000175226 	2
289.0 	0.00196303 	0.000162831 	2
290.0 	0.00178784 	0.000175559 	2
291.0 	0.00195802 	0.000163032 	2
292.0 	0.00178074 	0.000175628 	2
293.0 	0.00193488 	0.000162952 	2
294.0 	0.0017618 	0.000176006 	2
295.0 	0.00193201 	0.000163127 	2
296.0 	0.00176014 	0.000175876 	2
297.0 	0.0019125 	0.000163124 	2
298.0 	0.00174102 	8.20295e-05 	3
299.0 	0.00192038 	0.000163413 	2
300.0 	0.00176084 	8.29325e-05 	3
301.0 	0.00189279 	0.000163186 	2
302.0 	0.00172843 	8.22463e-05 	3
303.0 	0.00190836 	0.000162934 	2
304.0 	0.00174451 	8.31711e-05 	3
305.0 	0.0018738 	0.000162296 	2
306.0 	0.00172995 	8.14389e-05 	3
307.0 	0.00186922 	0.000161952 	2
308.0 	0.00174748 	0.000173945 	2
309.0 	0.00181774 	0.000161471 	2
310.0 	0.00169748 	8.11306e-05 	3
311.0 	0.00182858 	0.000161614 	2
312.0 	0.00173164 	8.2163e-05 	3
313.0 	0.00179425 	0.000160573 	2
314.0 	0.00168792 	8.09682e-05 	3
315.0 	0.00180945 	0.000160319 	2
316.0 	0.00170749 	8.20024e-05 	3
317.0 	0.0017669 	0.000159597 	2
318.0 	0.00166695 	8.08949e-05 	3
319.0 	0.0017915 	0.000159261 	2
320.0 	0.00169144 	8.17829e-05 	3
321.0 	0.00175067 	0.000158352 	2
322.0 	0.00164482 	8.05568e-05 	3
323.0 	0.00176871 	0.000157963 	2
324.0 	0.00166765 	8.16538e-05 	3
325.0 	0.00172618 	0.000157311 	2
326.0 	0.0016244 	8.02971e-05 	3
327.0 	0.00174838 	0.000156633 	2
328.0 	0.00165049 	8.12136e-05 	3
329.0 	0.00170549 	0.000155731 	2
330.0 	0.00160021 	7.98453e-05 	3
331.0 	0.00172491 	0.000155135 	2
332.0 	0.00162676 	8.08567e-05 	3
333.0 	0.00168003 	0.000154375 	2
334.0 	0.00157793 	7.94106e-05 	3
335.0 	0.00170302 	0.000153605 	2
336.0 	0.0016071 	8.04485e-05 	3
337.0 	0.00166148 	0.000152889 	2
338.0 	0.00155942 	7.90701e-05 	3
339.0 	0.00168712 	0.000152248 	2
340.0 	0.0015915 	8.01454e-05 	3
341.0 	0.00164374 	0.000151677 	2
342.0 	0.00154031 	7.89418e-05 	3
343.0 	0.00164997 	0.000150934 	2
344.0 	0.00155435 	7.94993e-05 	3
345.0 	0.00159739 	0.000150298 	2
346.0 	0.00150043 	7.81966e-05 	3
347.0 	0.00159609 	0.000149862 	2
348.0 	0.00150987 	7.86443e-05 	3
349.0 	0.00153873 	0.000149051 	2
350.0 	0.00146031 	7.71856e-05 	3
351.0 	0.00155354 	0.000148292 	2
352.0 	0.00148524 	7.77811e-05 	3
353.0 	0.00151248 	0.000147354 	2
354.0 	0.00143863 	7.67115e-05 	3
355.0 	0.00151492 	0.000146835 	2
356.0 	0.00144357 	7.69327e-05 	3
357.0 	0.00146101 	0.00014605 	2
358.0 	0.00139872 	7.5846e-05 	3
359.0 	0.00145972 	0.00014538 	2
360.0 	0.0014027 	7.57873e-05 	3
361.0 	0.00141424 	7.23189e-05 	3
362.0 	0.00135318 	7.51866e-05 	3
363.0 	0.0014303 	7.21192e-05 	3
364.0 	0.00137205 	7.51137e-05 	3
365.0 	0.00139445 	7.13917e-05 	3
366.0 	0.00133786 	7.40975e-05 	3
367.0 	0.0014069 	7.11056e-05 	3
368.0 	0.00135417 	7.39925e-05 	3
369.0 	0.00137134 	7.03384e-05 	3
370.0 	0.00131663 	7.29592e-05 	3
371.0 	0.00138402 	7.00917e-05 	3
372.0 	0.00133367 	7.30544e-05 	3
373.0 	0.00135273 	6.93777e-05 	3
374.0 	0.00130321 	7.21811e-05 	3
375.0 	0.0013543 	6.90961e-05 	3
376.0 	0.00130065 	7.18006e-05 	3
377.0 	0.00130595 	6.84746e-05 	3
378.0 	0.00126252 	7.07828e-05 	3
379.0 	0.00131414 	6.82786e-05 	3
380.0 	0.00127518 	7.06019e-05 	3
381.0 	0.00128146 	6.75789e-05 	3
382.0 	0.00124528 	6.9705e-05 	3
383.0 	0.00129005 	6.73266e-05 	3
384.0 	0.00126054 	6.94232e-05 	3
385.0 	0.00125841 	6.66392e-05 	3
386.0 	0.00122991 	6.84893e-05 	3
387.0 	0.00126605 	6.63323e-05 	3
388.0 	0.00123912 	6.83106e-05 	3
389.0 	0.00123134 	6.5615e-05 	3
390.0 	0.00120864 	6.75129e-05 	3
391.0 	0.00123382 	6.53551e-05 	3
392.0 	0.00120677 	6.71163e-05 	3
393.0 	0.00118841 	6.47179e-05 	3
394.0 	0.00116808 	6.6092e-05 	3
395.0 	0.00119113 	6.45086e-05 	3
396.0 	0.00118277 	6.58984e-05 	3
397.0 	0.00116387 	6.37855e-05 	3
398.0 	0.0011529 	6.48663e-05 	3
399.0 	0.00120282 	6.26988e-05 	3
400.0 	0.00116013 	6.47907e-05 	3
401.0 	0.00114404 	6.26496e-05 	3
402.0 	0.0011317 	6.38785e-05 	3
403.0 	0.00118644 	6.15652e-05 	3
404.0 	0.00114244 	6.36792e-05 	3
405.0 	0.00112484 	6.14997e-05 	3
406.0 	0.00110779 	6.27905e-05 	3
407.0 	0.00115229 	6.03867e-05 	3
408.0 	0.00110947 	6.24433e-05 	3
409.0 	0.00108828 	6.03839e-05 	3
410.0 	0.00107918 	6.15712e-05 	3
411.0 	0.00111531 	5.93235e-05 	3
412.0 	0.00108342 	6.10839e-05 	3
413.0 	0.00105715 	5.93372e-05 	3
414.0 	0.00106105 	6.02617e-05 	3
415.0 	0.00109325 	5.82877e-05 	3
416.0 	0.00106113 	5.97055e-05 	3
417.0 	0.00106863 	5.73808e-05 	3
418.0 	0.00103376 	5.93005e-05 	3
419.0 	0.00104876 	5.76561e-05 	3
420.0 	0.00104208 	5.86567e-05 	3
421.0 	0.00105611 	5.61121e-05 	3
422.0 	0.00102115 	5.79606e-05 	3
423.0 	0.00106371 	5.56161e-05 	3
424.0 	0.00102598 	5.74086e-05 	3
425.0 	0.00104184 	5.47646e-05 	3
426.0 	0.00100361 	5.67602e-05 	3
427.0 	0.00104736 	5.42473e-05 	3
428.0 	0.00100453 	5.62605e-05 	3
429.0 	0.000986376 	5.41101e-05 	3
430.0 	0.000981258 	5.55807e-05 	3
431.0 	0.00102858 	5.30871e-05 	3
432.0 	0.000998782 	5.50088e-05 	3
433.0 	0.000979057 	5.28574e-05 	3
434.0 	0.000972917 	5.44028e-05 	3
435.0 	0.000980984 	5.24615e-05 	3
436.0 	0.000978533 	5.38295e-05 	3
437.0 	0.00096056 	5.16445e-05 	3
438.0 	0.000960536 	5.31618e-05 	3
439.0 	0.000969109 	5.11821e-05 	3
440.0 	0.000964635 	5.25286e-05 	3
441.0 	0.000939105 	5.03666e-05 	3
442.0 	0.000942283 	5.19986e-05 	3
443.0 	0.000955447 	4.99786e-05 	3
444.0 	0.000955547 	5.12232e-05 	3
445.0 	0.000930358 	4.90268e-05 	3
446.0 	0.000928609 	5.0658e-05 	3
447.0 	0.000928257 	4.86493e-05 	3
448.0 	0.000925471 	4.99027e-05 	3
449.0 	0.000905711 	4.78457e-05 	3
450.0 	0.00091 	4.9282e-05 	3
451.0 	0.000912913 	4.732e-05 	3
452.0 	0.000909422 	4.84892e-05 	3
453.0 	0.00087989 	4.65472e-05 	3
454.0 	0.000892573 	4.79027e-05 	3
455.0 	0.000887561 	4.62634e-05 	3
456.0 	0.000903212 	4.69993e-05 	3
457.0 	0.000862125 	4.53963e-05 	3
458.0 	0.000881489 	4.65246e-05 	3
459.0 	0.000852201 	4.50302e-05 	3
460.0 	0.000866616 	4.56332e-05 	3
461.0 	0.00082062 	4.4254e-05 	3
462.0 	0.000843823 	4.48168e-05 	3
463.0 	0.000817132 	4.38108e-05 	3
464.0 	0.000825472 	4.38174e-05 	3
465.0 	0.000811894 	4.22758e-05 	3
466.0 	0.000800915 	4.31232e-05 	3
467.0 	0.000818643 	4.17722e-05 	3
468.0 	0.00079784 	4.24326e-05 	3
469.0 	0.000795878 	4.08568e-05 	3
470.0 	0.000776583 	4.17781e-05 	3
471.0 	0.000796002 	4.04469e-05 	3
472.0 	0.0007722 	4.1139e-05 	3
473.0 	0.00077975 	3.94969e-05 	3
474.0 	0.000763929 	4.04292e-05 	3
475.0 	0.000780667 	7.71133e-05 	2
476.0 	0.000766665 	3.94675e-05 	3
477.0 	0.000751509 	3.82276e-05 	3
478.0 	0.000737559 	3.91375e-05 	3
479.0 	0.00074276 	3.79066e-05 	3
480.0 	0.000728013 	3.83746e-05 	3
481.0 	0.000693958 	3.77328e-05 	3
482.0 	0.000708539 	3.76342e-05 	3
483.0 	0.000682217 	3.73713e-05 	3
484.0 	0.000702887 	3.69424e-05 	3
485.0 	0.00066961 	3.66205e-05 	3
486.0 	0.000696182 	3.62661e-05 	3
487.0 	0.000665466 	3.61835e-05 	3
488.0 	0.000688933 	3.56095e-05 	3
489.0 	0.000649936 	3.53935e-05 	3
490.0 	0.000679078 	3.49879e-05 	3
491.0 	0.00064745 	3.49434e-05 	3
492.0 	0.000673253 	3.42948e-05 	3
493.0 	0.000635903 	3.40918e-05 	3
494.0 	0.000665489 	3.36317e-05 	3
495.0 	0.000628359 	3.36617e-05 	3
496.0 	0.000657311 	3.29969e-05 	3
497.0 	0.00062257 	3.27747e-05 	3
498.0 	0.000651017 	3.22705e-05 	3
499.0 	0.000618688 	3.22101e-05 	3
500.0 	0.000636019 	3.15311e-05 	3
501.0 	0.000629732 	6.21222e-05 	2
502.0 	0.000633909 	3.07916e-05 	3
503.0 	0.00062746 	6.10579e-05 	2
504.0 	0.00062214 	3.01054e-05 	3
505.0 	0.000613567 	5.95702e-05 	2
506.0 	0.000610832 	2.94522e-05 	3
507.0 	0.000605159 	5.84687e-05 	2
508.0 	0.000600989 	2.89129e-05 	3
509.0 	0.000577167 	5.6304e-05 	2
510.0 	0.000594891 	5.87263e-05 	2
511.0 	0.000574904 	5.54647e-05 	2
512.0 	0.000582945 	5.75542e-05 	2
513.0 	0.000564526 	5.42873e-05 	2
514.0 	0.000577146 	5.68034e-05 	2
515.0 	0.000564091 	5.33903e-05 	2
516.0 	0.000572628 	5.53493e-05 	2
517.0 	0.000559076 	5.20924e-05 	2
518.0 	0.000567748 	5.43806e-05 	2
519.0 	0.000552592 	5.12838e-05 	2
520.0 	0.000558936 	5.33005e-05 	2
521.0 	0.000546367 	5.00755e-05 	2
522.0 	0.000555462 	5.20719e-05 	2
523.0 	0.000543049 	4.91278e-05 	2
524.0 	0.000544806 	5.0667e-05 	2
525.0 	0.000535151 	4.78979e-05 	2
526.0 	0.000525401 	4.93235e-05 	2
527.0 	0.000530829 	4.70311e-05 	2
528.0 	0.000519004 	4.80822e-05 	2
529.0 	0.000521556 	4.57638e-05 	2
530.0 	0.000510198 	4.70708e-05 	2
531.0 	0.000518155 	4.4823e-05 	2
532.0 	0.000502737 	4.58745e-05 	2
533.0 	0.000513976 	4.34629e-05 	2
534.0 	0.000500761 	4.4798e-05 	2
535.0 	0.000508595 	4.27042e-05 	2
536.0 	0.00049177 	4.3607e-05 	2
537.0 	0.000500234 	4.14029e-05 	2
538.0 	0.000487194 	4.28145e-05 	2
539.0 	0.000498654 	4.05862e-05 	2
540.0 	0.000484178 	4.14836e-05 	2
541.0 	0.000492571 	3.93942e-05 	2
542.0 	0.000481289 	4.05092e-05 	2
543.0 	0.000486981 	3.85368e-05 	2
544.0 	0.000472795 	3.94161e-05 	2
545.0 	0.00048026 	3.72269e-05 	2
546.0 	0.000469621 	3.8534e-05 	2
547.0 	0.000476613 	3.63852e-05 	2
548.0 	0.000463762 	3.72426e-05 	2
549.0 	0.000468518 	3.5235e-05 	2
550.0 	0.000461071 	3.64853e-05 	2
551.0 	0.000465065 	3.44333e-05 	2
552.0 	0.000455652 	3.52347e-05 	2
553.0 	0.0004578 	3.33451e-05 	2
554.0 	0.00045312 	3.44901e-05 	2
555.0 	0.000457403 	3.25678e-05 	2
556.0 	0.000449007 	3.3414e-05 	2
557.0 	0.000452734 	3.14194e-05 	2
558.0 	0.00044673 	3.25234e-05 	2
559.0 	0.000446457 	3.07045e-05 	2
560.0 	0.000439818 	3.13643e-05 	2
561.0 	0.000437847 	2.96491e-05 	2
562.0 	0.000435561 	3.0759e-05 	2
563.0 	0.000439221 	2.87824e-05 	2
564.0 	0.000433232 	2.95652e-05 	2
565.0 	0.000431918 	2.77988e-05 	2
566.0 	0.000429062 	2.87253e-05 	2
567.0 	0.000426049 	2.69514e-05 	2
568.0 	0.000420334 	2.77474e-05 	2
569.0 	0.000418433 	2.59309e-05 	2
570.0 	0.000416299 	2.69582e-05 	2
571.0 	0.000418303 	2.5245e-05 	2
572.0 	0.000413606 	2.59266e-05 	2
573.0 	0.000412719 	2.43106e-05 	2
574.0 	0.000410734 	2.52335e-05 	2
575.0 	0.000409303 	2.35488e-05 	2
576.0 	0.000406479 	2.41673e-05 	2
577.0 	0.000401731 	2.26673e-05 	2
578.0 	0.000403134 	2.34951e-05 	2
579.0 	0.000400678 	2.19239e-05 	2
580.0 	0.000398619 	2.26583e-05 	2
581.0 	0.00039634 	2.10338e-05 	2
582.0 	0.000398717 	2.19401e-05 	2
583.0 	0.000394018 	2.05023e-05 	2
584.0 	0.000395453 	2.10517e-05 	2
585.0 	0.000388471 	1.97e-05 	2
586.0 	0.000393091 	2.05461e-05 	2
587.0 	0.000389677 	1.89912e-05 	2
588.0 	0.000389504 	1.9844e-05 	2
589.0 	0.000384522 	1.83496e-05 	2
590.0 	0.000390533 	1.92105e-05 	2
591.0 	0.000382465 	1.79958e-05 	2
592.0 	0.000390263 	1.85513e-05 	2
593.0 	0.000378718 	1.73143e-05 	2
594.0 	0.000388535 	1.81296e-05 	2
595.0 	0.000379287 	1.69353e-05 	2
596.0 	0.000386369 	1.77711e-05 	2
597.0 	0.000376091 	1.65496e-05 	2
598.0 	0.000388929 	1.75288e-05 	2
599.0 	0.000377087 	1.64385e-05 	2
600.0 	0.000390375 	1.72229e-05 	2
601.0 	0.000374815 	1.62108e-05 	2
602.0 	0.000391584 	1.73722e-05 	2
603.0 	0.000375953 	1.63752e-05 	2
604.0 	0.000392398 	1.74561e-05 	2
605.0 	0.000374646 	1.66484e-05 	2
606.0 	0.000395819 	1.79432e-05 	2
607.0 	0.000374873 	1.73856e-05 	2
608.0 	0.000396247 	1.87508e-05 	2
609.0 	0.000374306 	1.81401e-05 	2
610.0 	0.000397621 	1.97892e-05 	2
611.0 	0.000377393 	1.919e-05 	2
612.0 	0.00040122 	2.0743e-05 	2
613.0 	0.000379168 	2.01321e-05 	2
614.0 	0.000405726 	2.16637e-05 	2
615.0 	0.00038182 	2.12627e-05 	2
616.0 	0.000408391 	2.26922e-05 	2
617.0 	0.00038264 	2.21786e-05 	2
618.0 	0.000411373 	2.36913e-05 	2
619.0 	0.000386771 	2.32758e-05 	2
620.0 	0.000412777 	2.48681e-05 	2
621.0 	0.00039094 	2.41787e-05 	2
622.0 	0.00041934 	2.58063e-05 	2
623.0 	0.000393219 	2.53908e-05 	2
624.0 	0.000423152 	2.68232e-05 	2
625.0 	0.000396172 	2.62996e-05 	2
626.0 	0.000426806 	2.77525e-05 	2
627.0 	0.000399774 	2.73565e-05 	2
628.0 	0.000428141 	2.8851e-05 	2
629.0 	0.000403161 	2.82285e-05 	2
630.0 	0.000432948 	2.96649e-05 	2
631.0 	0.000405815 	2.93317e-05 	2
632.0 	0.000435506 	3.03847e-05 	2
633.0 	0.000404796 	3.0175e-05 	2
634.0 	0.000435651 	3.14899e-05 	2
635.0 	0.000409313 	3.10611e-05 	2
636.0 	0.000436819 	3.23337e-05 	2
637.0 	0.000410027 	3.19263e-05 	2
638.0 	0.000438996 	3.31782e-05 	2
639.0 	0.000411471 	3.30116e-05 	2
640.0 	0.000440123 	3.42313e-05 	2
641.0 	0.000415013 	3.38477e-05 	2
642.0 	0.000445335 	3.50181e-05 	2
643.0 	0.000418036 	3.4777e-05 	2
644.0 	0.000444804 	3.58876e-05 	2
645.0 	0.000418485 	3.55774e-05 	2
646.0 	0.000446283 	3.68114e-05 	2
647.0 	0.00042378 	3.66944e-05 	2
648.0 	0.000449716 	3.76643e-05 	2
649.0 	0.000426648 	3.74755e-05 	2
650.0 	0.000452317 	3.85344e-05 	2
651.0 	0.000429297 	3.84108e-05 	2
652.0 	0.000454219 	3.96137e-05 	2
653.0 	0.000432834 	3.91671e-05 	2
654.0 	0.000461038 	4.04877e-05 	2
655.0 	0.000437082 	4.02896e-05 	2
656.0 	0.000467114 	4.12629e-05 	2
657.0 	0.00043881 	4.11805e-05 	2
658.0 	0.000468871 	4.22061e-05 	2
659.0 	0.0004453 	4.20649e-05 	2
660.0 	0.000471314 	4.30857e-05 	2
661.0 	0.000449709 	4.27907e-05 	2
662.0 	0.000474351 	4.38848e-05 	2
663.0 	0.000451899 	4.37521e-05 	2
664.0 	0.00047881 	4.46653e-05 	2
665.0 	0.000454195 	4.4526e-05 	2
666.0 	0.000482951 	4.55363e-05 	2
667.0 	0.000459073 	4.53208e-05 	2
668.0 	0.000484745 	4.62858e-05 	2
669.0 	0.000458631 	2.0511e-05 	3
670.0 	0.000484971 	4.6433e-05 	2
671.0 	0.00046676 	2.08909e-05 	3
672.0 	0.000489703 	4.70019e-05 	2
673.0 	0.000467936 	2.1294e-05 	3
674.0 	0.000490809 	4.76487e-05 	2
675.0 	0.000468411 	2.17304e-05 	3
676.0 	0.000491165 	4.86987e-05 	2
677.0 	0.000474474 	2.21042e-05 	3
678.0 	0.000496152 	4.94072e-05 	2
679.0 	0.000475239 	2.25404e-05 	3
680.0 	0.00050006 	2.26852e-05 	3
681.0 	0.00047203 	2.27651e-05 	3
682.0 	0.000504422 	2.30598e-05 	3
683.0 	0.000475228 	2.31774e-05 	3
684.0 	0.000509652 	2.34112e-05 	3
685.0 	0.000476124 	2.35337e-05 	3
686.0 	0.000509957 	2.37709e-05 	3
687.0 	0.000477537 	2.38737e-05 	3
688.0 	0.000514957 	2.40492e-05 	3
689.0 	0.000480684 	2.42208e-05 	3
690.0 	0.000514429 	2.44118e-05 	3
691.0 	0.00048344 	2.45644e-05 	3
692.0 	0.000516708 	2.48081e-05 	3
693.0 	0.000486723 	2.48835e-05 	3
694.0 	0.000524418 	2.50937e-05 	3
695.0 	0.000490184 	2.51841e-05 	3
696.0 	0.000523145 	2.54054e-05 	3
697.0 	0.000489354 	2.54644e-05 	3
698.0 	0.000523182 	2.57229e-05 	3
699.0 	0.000491666 	2.57892e-05 	3
700.0 	0.000531324 	2.59248e-05 	3
701.0 	0.000494982 	2.60297e-05 	3
702.0 	0.000529056 	2.62278e-05 	3
703.0 	0.000496925 	2.62859e-05 	3
704.0 	0.000529513 	2.65184e-05 	3
705.0 	0.000500027 	2.65926e-05 	3
706.0 	0.000537804 	2.67511e-05 	3
707.0 	0.000502845 	2.68198e-05 	3
708.0 	0.000537109 	2.70343e-05 	3
709.0 	0.000504352 	2.70536e-05 	3
710.0 	0.000537884 	2.72577e-05 	3
711.0 	0.000505533 	2.73342e-05 	3
712.0 	0.000542621 	2.75126e-05 	3
713.0 	0.000510528 	2.75689e-05 	3
714.0 	0.00054408 	2.7749e-05 	3
715.0 	0.000514871 	2.78353e-05 	3
716.0 	0.000545297 	2.79394e-05 	3
717.0 	0.000512049 	2.8082e-05 	3
718.0 	0.000546792 	2.82076e-05 	3
719.0 	0.000517583 	2.8251e-05 	3
720.0 	0.000549637 	2.84659e-05 	3
721.0 	0.000519071 	2.85198e-05 	3
722.0 	0.000552372 	2.86505e-05 	3
723.0 	0.000519865 	2.87841e-05 	3
724.0 	0.00055444 	2.8936e-05 	3
725.0 	0.000523832 	2.89964e-05 	3
726.0 	0.000554946 	2.91467e-05 	3
727.0 	0.000526326 	2.92138e-05 	3
728.0 	0.000559734 	2.93583e-05 	3
729.0 	0.000526581 	2.94734e-05 	3
730.0 	0.000562017 	2.96027e-05 	3
731.0 	0.000532939 	2.96731e-05 	3
732.0 	0.000562951 	2.98486e-05 	3
733.0 	0.000535478 	2.99038e-05 	3
734.0 	0.000566373 	3.0012e-05 	3
735.0 	0.000535762 	3.01238e-05 	3
736.0 	0.000567234 	3.02527e-05 	3
737.0 	0.000541501 	3.02964e-05 	3
738.0 	0.000571455 	3.04535e-05 	3
739.0 	0.000542781 	3.04217e-05 	3
740.0 	0.000573963 	3.05761e-05 	3
741.0 	0.000540996 	3.06443e-05 	3
742.0 	0.000574576 	3.06586e-05 	3
743.0 	0.000546056 	3.07916e-05 	3
744.0 	0.000573512 	3.08755e-05 	3
745.0 	0.000547768 	3.09314e-05 	3
746.0 	0.000576519 	3.0973e-05 	3
747.0 	0.000550376 	3.11185e-05 	3
748.0 	0.000578349 	3.11249e-05 	3
749.0 	0.00055408 	3.12484e-05 	3
750.0 	0.000578199 	3.12787e-05 	3
751.0 	0.00055365 	3.13224e-05 	3
752.0 	0.00057935 	3.14109e-05 	3
753.0 	0.000554508 	3.1516e-05 	3
754.0 	0.000583335 	3.15497e-05 	3
755.0 	0.000561455 	3.16443e-05 	3
756.0 	0.000582384 	3.16618e-05 	3
757.0 	0.000557322 	3.17581e-05 	3
758.0 	0.00058338 	3.1775e-05 	3
759.0 	0.000557621 	3.19057e-05 	3
760.0 	0.000585595 	3.19278e-05 	3
761.0 	0.000563755 	3.20288e-05 	3
762.0 	0.00058941 	3.2037e-05 	3
763.0 	0.000566776 	3.21614e-05 	3
764.0 	0.000592343 	3.21498e-05 	3
765.0 	0.000566648 	3.23023e-05 	3
766.0 	0.000592928 	3.23194e-05 	3
767.0 	0.000572995 	3.23982e-05 	3
768.0 	0.000598199 	3.23958e-05 	3
769.0 	0.000572358 	3.25417e-05 	3
770.0 	0.00060323 	3.25407e-05 	3
771.0 	0.000574372 	3.26839e-05 	3
772.0 	0.000601249 	3.26318e-05 	3
773.0 	0.000578709 	3.27718e-05 	3
774.0 	0.000603267 	3.27068e-05 	3
775.0 	0.000580522 	3.28352e-05 	3
776.0 	0.000603094 	3.27509e-05 	3
777.0 	0.000580674 	3.29774e-05 	3
778.0 	0.000603795 	3.29003e-05 	3
779.0 	0.000584261 	3.30267e-05 	3
780.0 	0.000607048 	3.29916e-05 	3
781.0 	0.000585487 	3.31136e-05 	3
782.0 	0.000611161 	3.3037e-05 	3
783.0 	0.000584502 	3.31779e-05 	3
784.0 	0.0006096 	3.30746e-05 	3
785.0 	0.000585622 	3.3208e-05 	3
786.0 	0.000609171 	3.3136e-05 	3
787.0 	0.000585528 	3.32616e-05 	3
788.0 	0.000609338 	3.31616e-05 	3
789.0 	0.000584043 	3.33446e-05 	3
790.0 	0.000610372 	3.32303e-05 	3
791.0 	0.000587517 	3.3388e-05 	3
792.0 	0.00061063 	3.32817e-05 	3
793.0 	0.000590309 	3.34805e-05 	3
794.0 	0.000614082 	3.3316e-05 	3
795.0 	0.000590213 	3.35489e-05 	3
796.0 	0.000615136 	3.34037e-05 	3
797.0 	0.000596163 	3.36051e-05 	3
798.0 	0.000617698 	3.33903e-05 	3
799.0 	0.00059585 	3.36348e-05 	3
800.0 	0.000618065 	3.3388e-05 	3
801.0 	0.000596225 	3.36227e-05 	3
802.0 	0.000618254 	3.34692e-05 	3
803.0 	0.000600521 	3.36692e-05 	3
804.0 	0.000621617 	3.35629e-05 	3
805.0 	0.000601706 	3.37145e-05 	3
806.0 	0.000628188 	3.35756e-05 	3
807.0 	0.000600757 	3.38237e-05 	3
808.0 	0.000626045 	3.36477e-05 	3
809.0 	0.000604796 	3.37694e-05 	3
810.0 	0.00062733 	3.36385e-05 	3
811.0 	0.000606459 	3.38172e-05 	3
812.0 	0.000630523 	3.36408e-05 	3
813.0 	0.000607749 	3.3861e-05 	3
814.0 	0.000635846 	3.37295e-05 	3
815.0 	0.000616877 	3.39024e-05 	3
816.0 	0.000641558 	3.36491e-05 	3
817.0 	0.000611779 	3.38312e-05 	3
818.0 	0.000631525 	3.36621e-05 	3
819.0 	0.000611515 	3.38425e-05 	3
820.0 	0.000635815 	3.36301e-05 	3
821.0 	0.000615836 	3.3819e-05 	3
822.0 	0.000638746 	3.36119e-05 	3
823.0 	0.000616066 	3.37601e-05 	3
824.0 	0.000636828 	3.3582e-05 	3
825.0 	0.000615157 	3.37385e-05 	3
826.0 	0.000638753 	3.35559e-05 	3
827.0 	0.000619477 	3.37436e-05 	3
828.0 	0.000640544 	3.35332e-05 	3
829.0 	0.000618573 	3.37533e-05 	3
830.0 	0.000641336 	3.36273e-05 	3
831.0 	0.000623399 	3.37649e-05 	3
832.0 	0.000647334 	3.35299e-05 	3
833.0 	0.000624053 	3.375e-05 	3
834.0 	0.000643795 	3.35055e-05 	3
835.0 	0.00062644 	3.37619e-05 	3
836.0 	0.000646186 	3.36058e-05 	3
837.0 	0.000631833 	3.37093e-05 	3
838.0 	0.00064762 	3.35391e-05 	3
839.0 	0.000628059 	3.36651e-05 	3
840.0 	0.000647506 	3.35132e-05 	3
841.0 	0.000627777 	3.36367e-05 	3
842.0 	0.000648689 	3.3586e-05 	3
843.0 	0.000632226 	3.36998e-05 	3
844.0 	0.000658686 	3.344e-05 	3
845.0 	0.000628807 	3.35549e-05 	3
846.0 	0.000647951 	3.3373e-05 	3
847.0 	0.000625358 	3.34627e-05 	3
848.0 	0.00064633 	3.33512e-05 	3
849.0 	0.0006268 	3.34739e-05 	3
850.0 	0.000654013 	3.32793e-05 	3
851.0 	0.000630336 	3.33871e-05 	3
852.0 	0.000653473 	3.32101e-05 	3
853.0 	0.00063079 	3.33367e-05 	3
854.0 	0.000649548 	3.3169e-05 	3
855.0 	0.000628473 	3.33086e-05 	3
856.0 	0.00065205 	3.30923e-05 	3
857.0 	0.000632225 	3.32282e-05 	3
858.0 	0.000655536 	3.30983e-05 	3
859.0 	0.000638027 	3.31775e-05 	3
860.0 	0.00065612 	3.29937e-05 	3
861.0 	0.000633146 	3.30814e-05 	3
862.0 	0.000653273 	3.29494e-05 	3
863.0 	0.000634733 	3.30068e-05 	3
864.0 	0.000657142 	3.27456e-05 	3
865.0 	0.000631888 	3.2897e-05 	3
866.0 	0.000653701 	3.27664e-05 	3
867.0 	0.000634581 	3.27549e-05 	3
868.0 	0.000654789 	3.27004e-05 	3
869.0 	0.000636216 	3.26958e-05 	3
870.0 	0.000659941 	3.25328e-05 	3
871.0 	0.00063537 	3.26067e-05 	3
872.0 	0.000655847 	3.24268e-05 	3
873.0 	0.000637112 	3.25788e-05 	3
874.0 	0.000657282 	3.23504e-05 	3
875.0 	0.000640055 	3.24758e-05 	3
876.0 	0.000657745 	3.23681e-05 	3
877.0 	0.000644339 	3.23739e-05 	3
878.0 	0.000658605 	3.22195e-05 	3
879.0 	0.00063898 	3.22723e-05 	3
880.0 	0.000661298 	3.2149e-05 	3
881.0 	0.000640123 	3.22388e-05 	3
882.0 	0.00065963 	3.20661e-05 	3
883.0 	0.000644486 	3.21265e-05 	3
884.0 	0.000657485 	3.20305e-05 	3
885.0 	0.000644018 	3.20493e-05 	3
886.0 	0.000659463 	3.18999e-05 	3
887.0 	0.00064278 	3.19644e-05 	3
888.0 	0.000660172 	3.18868e-05 	3
889.0 	0.000644994 	3.18385e-05 	3
890.0 	0.000659121 	3.1684e-05 	3
891.0 	0.00064158 	3.16991e-05 	3
892.0 	0.000659076 	3.16282e-05 	3
893.0 	0.000643848 	3.15906e-05 	3
894.0 	0.000658471 	3.15046e-05 	3
895.0 	0.000643561 	3.14768e-05 	3
896.0 	0.000658595 	3.14047e-05 	3
897.0 	0.000641279 	3.14177e-05 	3
898.0 	0.000660133 	3.12999e-05 	3
899.0 	0.000643071 	3.13014e-05 	3
900.0 	0.000658991 	3.12952e-05 	3
901.0 	0.000646644 	3.12205e-05 	3
902.0 	0.000661042 	3.11486e-05 	3
903.0 	0.000643686 	3.11067e-05 	3
904.0 	0.000662382 	3.108e-05 	3
905.0 	0.000645141 	3.10758e-05 	3
906.0 	0.000663844 	3.09763e-05 	3
907.0 	0.000646851 	3.09051e-05 	3
908.0 	0.000658695 	3.08244e-05 	3
909.0 	0.000640325 	3.07222e-05 	3
910.0 	0.00065822 	3.06727e-05 	3
911.0 	0.00063935 	3.06121e-05 	3
912.0 	0.000658781 	3.05749e-05 	3
913.0 	0.000642831 	3.04996e-05 	3
914.0 	0.000657043 	3.0392e-05 	3
915.0 	0.000639178 	3.03641e-05 	3
916.0 	0.000652691 	3.02302e-05 	3
917.0 	0.000639545 	3.02038e-05 	3
918.0 	0.000652779 	3.00994e-05 	3
919.0 	0.000642608 	3.00353e-05 	3
920.0 	0.000651963 	2.99847e-05 	3
921.0 	0.00064471 	2.99607e-05 	3
922.0 	0.000653851 	2.99357e-05 	3
923.0 	0.000643473 	2.97962e-05 	3
924.0 	0.00065235 	2.97185e-05 	3
925.0 	0.000641627 	2.96795e-05 	3
926.0 	0.000653115 	2.97018e-05 	3
927.0 	0.000643444 	2.95512e-05 	3
928.0 	0.000656872 	6.55657e-05 	2
929.0 	0.000640675 	2.93143e-05 	3
930.0 	0.000646575 	2.95249e-05 	3
931.0 	0.000647158 	2.93093e-05 	3
932.0 	0.000653828 	6.52718e-05 	2
933.0 	0.000645377 	2.90331e-05 	3
934.0 	0.000646479 	2.92204e-05 	3
935.0 	0.00064623 	2.90815e-05 	3
936.0 	0.000654516 	6.48852e-05 	2
937.0 	0.000647695 	2.87778e-05 	3
938.0 	0.000643696 	2.90256e-05 	3
939.0 	0.000644486 	2.87844e-05 	3
940.0 	0.000653581 	6.45541e-05 	2
941.0 	0.000642364 	2.8551e-05 	3
942.0 	0.000646103 	6.44266e-05 	2
943.0 	0.000647178 	6.44685e-05 	2
944.0 	0.000646133 	6.43439e-05 	2
945.0 	0.0006443 	6.42018e-05 	2
946.0 	0.000651033 	6.39977e-05 	2
947.0 	0.000643323 	6.41769e-05 	2
948.0 	0.000650822 	6.39064e-05 	2
949.0 	0.000643226 	6.40652e-05 	2
950.0 	0.000649703 	6.39801e-05 	2
951.0 	0.000645547 	6.3919e-05 	2
952.0 	0.000653069 	6.39272e-05 	2
953.0 	0.000645624 	6.39033e-05 	2
954.0 	0.000654376 	6.3898e-05 	2
955.0 	0.000645567 	6.39315e-05 	2
956.0 	0.00065389 	6.37e-05 	2
957.0 	0.000646329 	6.37722e-05 	2
958.0 	0.000655726 	6.36644e-05 	2
959.0 	0.000647356 	6.35844e-05 	2
960.0 	0.000652938 	6.36532e-05 	2
961.0 	0.000646244 	6.3587e-05 	2
962.0 	0.000655107 	6.35839e-05 	2
963.0 	0.000646682 	6.35158e-05 	2
964.0 	0.000659875 	6.34138e-05 	2
965.0 	0.000647746 	6.34633e-05 	2
966.0 	0.000659942 	6.34782e-05 	2
967.0 	0.00064724 	6.34324e-05 	2
968.0 	0.000658291 	6.35103e-05 	2
969.0 	0.000650064 	6.34836e-05 	2
970.0 	0.000664134 	6.34415e-05 	2
971.0 	0.000652601 	6.33532e-05 	2
972.0 	0.000665635 	6.32666e-05 	2
973.0 	0.000650874 	6.33299e-05 	2
974.0 	0.000662269 	6.3287e-05 	2
975.0 	0.000652853 	6.31336e-05 	2
976.0 	0.000662164 	6.28758e-05 	2
977.0 	0.000652227 	6.28287e-05 	2
978.0 	0.000663543 	6.30173e-05 	2
979.0 	0.000651456 	6.29219e-05 	2
980.0 	0.000658307 	6.27187e-05 	2
981.0 	0.000652085 	6.26388e-05 	2
982.0 	0.000665814 	6.27145e-05 	2
983.0 	0.000647732 	6.24135e-05 	2
984.0 	0.000667748 	6.22941e-05 	2
985.0 	0.000642731 	6.21751e-05 	2
986.0 	0.000661968 	6.22685e-05 	2
987.0 	0.000644778 	6.19069e-05 	2
988.0 	0.000664209 	6.20425e-05 	2
989.0 	0.0006456 	6.18323e-05 	2
990.0 	0.000665608 	6.18561e-05 	2
991.0 	0.000644694 	6.17147e-05 	2
992.0 	0.000658698 	6.1558e-05 	2
993.0 	0.000650599 	6.15689e-05 	2
994.0 	0.000659781 	6.14476e-05 	2
995.0 	0.000647188 	6.13117e-05 	2
996.0 	0.000661059 	6.11035e-05 	2
997.0 	0.000648848 	6.12491e-05 	2
998.0 	0.000655734 	6.13428e-05 	2
999.0 	0.000647967 	6.09369e-05 	2
1000.0 	0.000660975 	6.11362e-05 	2
1001.0 	0.000649395 	6.08818e-05 	2
1002.0 	0.000666014 	6.09657e-05 	2
1003.0 	0.000647285 	6.09463e-05 	2
1004.0 	0.000666981 	6.11104e-05 	2
1005.0 	0.000652188 	6.09538e-05 	2
1006.0 	0.000672171 	6.09367e-05 	2
1007.0 	0.000654754 	6.08618e-05 	2
1008.0 	0.000672292 	6.09877e-05 	2
1009.0 	0.000653098 	6.08225e-05 	2
1010.0 	0.000670211 	6.08491e-05 	2
1011.0 	0.000655451 	6.07133e-05 	2
1012.0 	0.000671874 	6.0807e-05 	2
1013.0 	0.000658408 	6.05768e-05 	2
1014.0 	0.000674654 	6.07636e-05 	2
1015.0 	0.000657751 	6.04848e-05 	2
1016.0 	0.000672231 	6.04756e-05 	2
1017.0 	0.00065555 	6.02614e-05 	2
1018.0 	0.000672385 	6.02569e-05 	2
1019.0 	0.000656172 	6.01785e-05 	2
1020.0 	0.00067275 	6.01397e-05 	2
1021.0 	0.000654729 	6.00539e-05 	2
1022.0 	0.000668075 	5.99974e-05 	2
1023.0 	0.000656506 	5.97381e-05 	2
1024.0 	0.00066851 	5.98913e-05 	2
1025.0 	0.000657332 	5.96996e-05 	2
1026.0 	0.00067328 	5.9815e-05 	2
1027.0 	0.000654628 	5.95831e-05 	2
1028.0 	0.00067085 	5.96559e-05 	2
1029.0 	0.000654469 	5.94528e-05 	2
1030.0 	0.000670883 	5.96481e-05 	2
1031.0 	0.000658244 	5.93983e-05 	2
1032.0 	0.000675958 	5.9573e-05 	2
1033.0 	0.000656561 	5.92989e-05 	2
1034.0 	0.000673785 	5.93883e-05 	2
1035.0 	0.000655365 	5.92138e-05 	2
1036.0 	0.00067637 	5.92451e-05 	2
1037.0 	0.000658276 	5.90422e-05 	2
1038.0 	0.000677122 	5.91796e-05 	2
1039.0 	0.000658346 	5.89438e-05 	2
1040.0 	0.000674965 	5.92213e-05 	2
1041.0 	0.000659794 	5.89954e-05 	2
1042.0 	0.00068262 	5.9143e-05 	2
1043.0 	0.000662372 	5.89861e-05 	2
1044.0 	0.000686026 	5.89158e-05 	2
1045.0 	0.000659672 	5.87793e-05 	2
1046.0 	0.000678212 	5.88509e-05 	2
1047.0 	0.0006605 	5.86855e-05 	2
1048.0 	0.000680505 	5.88281e-05 	2
1049.0 	0.000665826 	5.86081e-05 	2
1050.0 	0.000685929 	5.8633e-05 	2
1051.0 	0.000662322 	5.83932e-05 	2
1052.0 	0.000678872 	5.85036e-05 	2
1053.0 	0.000658336 	5.84462e-05 	2
1054.0 	0.000680323 	5.85778e-05 	2
1055.0 	0.000665587 	5.82646e-05 	2
1056.0 	0.000687514 	5.82856e-05 	2
1057.0 	0.000662624 	5.80799e-05 	2
1058.0 	0.000679997 	5.81464e-05 	2
1059.0 	0.00065986 	5.79228e-05 	2
1060.0 	0.000679206 	5.80246e-05 	2
1061.0 	0.000662053 	5.78724e-05 	2
1062.0 	0.000684158 	5.78506e-05 	2
1063.0 	0.000661154 	5.76611e-05 	2
1064.0 	0.00068009 	5.77893e-05 	2
1065.0 	0.000661636 	5.75751e-05 	2
1066.0 	0.000683989 	5.7725e-05 	2
1067.0 	0.000667937 	5.74042e-05 	2
1068.0 	0.000688656 	5.73788e-05 	2
1069.0 	0.00066141 	5.71867e-05 	2
1070.0 	0.000678106 	5.74161e-05 	2
1071.0 	0.000660956 	5.71566e-05 	2
1072.0 	0.000682658 	5.73116e-05 	2
1073.0 	0.000666202 	5.71193e-05 	2
1074.0 	0.000688862 	5.72227e-05 	2
1075.0 	0.000664544 	5.70461e-05 	2
1076.0 	0.000684462 	5.6992e-05 	2
1077.0 	0.000661398 	5.67501e-05 	2
1078.0 	0.000683217 	5.71909e-05 	2
1079.0 	0.000669441 	5.66837e-05 	2
1080.0 	0.000689301 	5.67869e-05 	2
1081.0 	0.000665614 	5.65747e-05 	2
1082.0 	0.000684004 	5.64536e-05 	2
1083.0 	0.000658748 	5.63561e-05 	2
1084.0 	0.000682346 	5.66039e-05 	2
1085.0 	0.000667343 	5.63441e-05 	2
1086.0 	0.000688829 	5.64527e-05 	2
1087.0 	0.000667424 	5.62004e-05 	2
1088.0 	0.000683099 	5.63488e-05 	2
1089.0 	0.00066453 	5.61124e-05 	2
1090.0 	0.000685668 	5.63656e-05 	2
1091.0 	0.000669974 	5.61556e-05 	2
1092.0 	0.000693055 	5.61854e-05 	2
1093.0 	0.000668121 	5.60672e-05 	2
1094.0 	0.000687112 	5.61947e-05 	2
1095.0 	0.000668773 	5.59187e-05 	2
1096.0 	0.000692056 	5.60484e-05 	2
1097.0 	0.000673049 	5.55465e-05 	2
1098.0 	0.000692489 	5.56293e-05 	2
1099.0 	0.000665782 	5.54175e-05 	2
1100.0 	0.000682647 	5.54622e-05 	2
1101.0 	0.000662395 	5.53977e-05 	2
1102.0 	0.000683504 	5.57227e-05 	2
1103.0 	0.00067292 	5.52421e-05 	2
1104.0 	0.000693188 	5.55273e-05 	2
1105.0 	0.00067083 	5.5229e-05 	2
1106.0 	0.000690384 	5.51349e-05 	2
1107.0 	0.000662852 	5.49436e-05 	2
1108.0 	0.00068638 	5.50529e-05 	2
1109.0 	0.000668296 	5.46919e-05 	2
1110.0 	0.000687729 	5.49302e-05 	2
1111.0 	0.000666714 	5.46303e-05 	2
1112.0 	0.000683926 	5.46786e-05 	2
1113.0 	0.000661988 	5.44358e-05 	2
1114.0 	0.000684129 	5.45812e-05 	2
1115.0 	0.000665517 	5.41654e-05 	2
1116.0 	0.000687667 	5.41161e-05 	2
1117.0 	0.000658833 	5.40174e-05 	2
1118.0 	0.000676312 	5.41401e-05 	2
1119.0 	0.000660049 	5.38098e-05 	2
1120.0 	0.000680655 	5.42328e-05 	2
1121.0 	0.000667328 	5.37938e-05 	2
1122.0 	0.000690516 	5.39246e-05 	2
1123.0 	0.000663138 	5.37671e-05 	2
1124.0 	0.000683505 	5.3815e-05 	2
1125.0 	0.000661858 	5.37213e-05 	2
1126.0 	0.000683597 	5.40126e-05 	2
1127.0 	0.000672559 	5.35331e-05 	2
1128.0 	0.000690095 	5.36637e-05 	2
1129.0 	0.000668103 	5.35679e-05 	2
1130.0 	0.000686378 	5.36118e-05 	2
1131.0 	0.000666939 	5.34456e-05 	2
1132.0 	0.000688005 	5.37401e-05 	2
1133.0 	0.000675204 	5.33504e-05 	2
1134.0 	0.000696795 	5.34885e-05 	2
1135.0 	0.000674893 	5.32808e-05 	2
1136.0 	0.000693595 	5.32565e-05 	2
1137.0 	0.000669743 	5.31663e-05 	2
1138.0 	0.000688474 	5.32793e-05 	2
1139.0 	0.000675116 	5.28809e-05 	2
1140.0 	0.000693854 	5.28913e-05 	2
1141.0 	0.00066892 	5.28902e-05 	2
1142.0 	0.000686176 	5.29332e-05 	2
1143.0 	0.000669157 	5.25473e-05 	2
1144.0 	0.00068919 	5.29127e-05 	2
1145.0 	0.00067444 	5.24322e-05 	2
1146.0 	0.000696033 	5.25038e-05 	2
1147.0 	0.000669282 	5.22606e-05 	2
1148.0 	0.000684368 	5.22405e-05 	2
1149.0 	0.000662259 	5.21205e-05 	2
1150.0 	0.000683115 	5.25619e-05 	2
1151.0 	0.000673701 	5.19165e-05 	2
1152.0 	0.000692751 	5.2016e-05 	2
1153.0 	0.000668359 	5.19163e-05 	2
1154.0 	0.000687824 	5.18578e-05 	2
1155.0 	0.000665581 	5.17625e-05 	2
1156.0 	0.000685905 	5.1966e-05 	2
1157.0 	0.000673153 	5.14962e-05 	2
1158.0 	0.000690583 	5.17321e-05 	2
1159.0 	0.000668299 	5.157e-05 	2
1160.0 	0.000686562 	5.16138e-05 	2
1161.0 	0.00066801 	5.15557e-05 	2
1162.0 	0.000689223 	5.17703e-05 	2
1163.0 	0.000677915 	5.13451e-05 	2
1164.0 	0.000695262 	5.14457e-05 	2
1165.0 	0.000672365 	5.1257e-05 	2
1166.0 	0.000686015 	5.12722e-05 	2
1167.0 	0.000668345 	5.09834e-05 	2
1168.0 	0.00068722 	5.15138e-05 	2
1169.0 	0.000675172 	5.09817e-05 	2
1170.0 	0.000698573 	5.10259e-05 	2
1171.0 	0.000669796 	5.10729e-05 	2
1172.0 	0.000693489 	5.0923e-05 	2
1173.0 	0.0006696 	5.05362e-05 	2
1174.0 	0.000685209 	5.1123e-05 	2
1175.0 	0.000672963 	5.05279e-05 	2
1176.0 	0.000694191 	5.06102e-05 	2
1177.0 	0.000667618 	5.06032e-05 	2
1178.0 	0.000689747 	5.04694e-05 	2
1179.0 	0.000668829 	5.03055e-05 	2
1180.0 	0.000688454 	5.07165e-05 	2
1181.0 	0.000676081 	5.02658e-05 	2
1182.0 	0.000694966 	5.03863e-05 	2
1183.0 	0.000671565 	5.03515e-05 	2
1184.0 	0.00069242 	5.0302e-05 	2
1185.0 	0.000670526 	5.0064e-05 	2
1186.0 	0.000691334 	5.03831e-05 	2
1187.0 	0.000676458 	4.99059e-05 	2
1188.0 	0.000696619 	4.98974e-05 	2
1189.0 	0.000668298 	5.00587e-05 	2
1190.0 	0.000688426 	4.99728e-05 	2
1191.0 	0.000670766 	4.96953e-05 	2
1192.0 	0.000687296 	5.03064e-05 	2
1193.0 	0.000678684 	4.97492e-05 	2
1194.0 	0.000701645 	4.97349e-05 	2
1195.0 	0.000671141 	4.98006e-05 	2
1196.0 	0.000694554 	4.9578e-05 	2
1197.0 	0.000670974 	4.93909e-05 	2
1198.0 	0.00068679 	4.98675e-05 	2
1199.0 	0.000676412 	4.92424e-05 	2
1200.0 	0.000696065 	4.94429e-05 	2
1201.0 	0.000670362 	4.94067e-05 	2
1202.0 	0.000695684 	4.9239e-05 	2
1203.0 	0.000669543 	4.91022e-05 	2
1204.0 	0.000690151 	4.94774e-05 	2
1205.0 	0.000676018 	4.89859e-05 	2
1206.0 	0.000696069 	4.90079e-05 	2
1207.0 	0.000667574 	4.89827e-05 	2
1208.0 	0.000688604 	4.90005e-05 	2
1209.0 	0.000668693 	4.87052e-05 	2
1210.0 	0.000688133 	4.92963e-05 	2
1211.0 	0.000676804 	4.86569e-05 	2
1212.0 	0.00069919 	4.86502e-05 	2
1213.0 	0.000666192 	4.86633e-05 	2
1214.0 	0.000687817 	4.85452e-05 	2
1215.0 	0.000665914 	4.83791e-05 	2
1216.0 	0.000686675 	4.8881e-05 	2
1217.0 	0.000674867 	4.81697e-05 	2
1218.0 	0.000697505 	4.82026e-05 	2
1219.0 	0.000662992 	4.83264e-05 	2
1220.0 	0.000687181 	4.80948e-05 	2
1221.0 	0.000662729 	4.80403e-05 	2
1222.0 	0.00068499 	4.85178e-05 	2
1223.0 	0.000673979 	4.78917e-05 	2
1224.0 	0.000696479 	4.80332e-05 	2
1225.0 	0.000664969 	4.80856e-05 	2
1226.0 	0.000690598 	4.79174e-05 	2
1227.0 	0.000665082 	4.79038e-05 	2
1228.0 	0.000688971 	4.85208e-05 	2
1229.0 	0.000680179 	4.7775e-05 	2
1230.0 	0.000702164 	4.79657e-05 	2
1231.0 	0.000667991 	4.82148e-05 	2
1232.0 	0.00069516 	4.79712e-05 	2
1233.0 	0.00067076 	4.78743e-05 	2
1234.0 	0.000695201 	4.83113e-05 	2
1235.0 	0.000682478 	4.76872e-05 	2
1236.0 	0.000706352 	4.76968e-05 	2
1237.0 	0.000671518 	4.77794e-05 	2
1238.0 	0.000693618 	4.76303e-05 	2
1239.0 	0.000669436 	4.74489e-05 	2
1240.0 	0.000692353 	4.80105e-05 	2
1241.0 	0.000682164 	4.72981e-05 	2
1242.0 	0.000707168 	4.74917e-05 	2
1243.0 	0.00067072 	4.7432e-05 	2
1244.0 	0.000697071 	4.72588e-05 	2
1245.0 	0.000666244 	4.72671e-05 	2
1246.0 	0.000694543 	4.75064e-05 	2
1247.0 	0.000679121 	4.68675e-05 	2
1248.0 	0.00070172 	4.70052e-05 	2
1249.0 	0.000666828 	4.69942e-05 	2
1250.0 	0.000691135 	4.69732e-05 	2
1251.0 	0.000665573 	4.68019e-05 	2
1252.0 	0.000693301 	4.72915e-05 	2
1253.0 	0.000677881 	4.66697e-05 	2
1254.0 	0.00070316 	4.67396e-05 	2
1255.0 	0.000666755 	4.67616e-05 	2
1256.0 	0.000693626 	4.66233e-05 	2
1257.0 	0.000663369 	4.64712e-05 	2
1258.0 	0.000691278 	4.69292e-05 	2
1259.0 	0.000674428 	4.62393e-05 	2
1260.0 	0.000700081 	4.6415e-05 	2
1261.0 	0.00066313 	4.65582e-05 	2
1262.0 	0.000691555 	4.63669e-05 	2
1263.0 	0.000664685 	4.63284e-05 	2
1264.0 	0.000691317 	4.68169e-05 	2
1265.0 	0.000677415 	4.61054e-05 	2
1266.0 	0.000704005 	4.6312e-05 	2
1267.0 	0.000666685 	4.63464e-05 	2
1268.0 	0.000694357 	4.61205e-05 	2
1269.0 	0.000663676 	4.61723e-05 	2
1270.0 	0.000693118 	4.66775e-05 	2
1271.0 	0.000681246 	4.60539e-05 	2
1272.0 	0.000705572 	4.63041e-05 	2
1273.0 	0.000671311 	4.61654e-05 	2
1274.0 	0.000699312 	4.60042e-05 	2
1275.0 	0.000668142 	4.61031e-05 	2
1276.0 	0.000699594 	4.6341e-05 	2
1277.0 	0.000679484 	4.5772e-05 	2
1278.0 	0.000704361 	4.6029e-05 	2
1279.0 	0.000673464 	4.59099e-05 	2
1280.0 	0.00069711 	4.58763e-05 	2
1281.0 	0.000668067 	4.58283e-05 	2
1282.0 	0.000698507 	4.61591e-05 	2
1283.0 	0.000680357 	4.56413e-05 	2
1284.0 	0.000707233 	4.58181e-05 	2
1285.0 	0.000673031 	4.57951e-05 	2
1286.0 	0.000701013 	4.55865e-05 	2
1287.0 	0.000671076 	4.56054e-05 	2
1288.0 	0.000697633 	4.59585e-05 	2
1289.0 	0.000681841 	4.53257e-05 	2
1290.0 	0.000707049 	4.55854e-05 	2
1291.0 	0.000672191 	4.55157e-05 	2
1292.0 	0.000698272 	4.52775e-05 	2
1293.0 	0.000667942 	4.53362e-05 	2
1294.0 	0.000695138 	4.56417e-05 	2
1295.0 	0.000679667 	4.5055e-05 	2
1296.0 	0.00070505 	4.53823e-05 	2
1297.0 	0.000671394 	4.51816e-05 	2
1298.0 	0.000699711 	4.50416e-05 	2
1299.0 	0.000667311 	4.51448e-05 	2
1300.0 	0.000697594 	4.54738e-05 	2
1301.0 	0.000680514 	4.4846e-05 	2
1302.0 	0.000706878 	4.52786e-05 	2
1303.0 	0.000675291 	4.50737e-05 	2
1304.0 	0.000702854 	4.49419e-05 	2
1305.0 	0.000669627 	4.50341e-05 	2
1306.0 	0.000701874 	4.51341e-05 	2
1307.0 	0.000682129 	4.46802e-05 	2
1308.0 	0.000706817 	4.49324e-05 	2
1309.0 	0.000675969 	4.48055e-05 	2
1310.0 	0.000699582 	4.48987e-05 	2
1311.0 	0.000673836 	4.47934e-05 	2
1312.0 	0.000701878 	4.50856e-05 	2
1313.0 	0.0006823 	4.45885e-05 	2
1314.0 	0.000711061 	4.47583e-05 	2
1315.0 	0.000676585 	4.47448e-05 	2
1316.0 	0.000704673 	4.45517e-05 	2
1317.0 	0.000672312 	4.45841e-05 	2
1318.0 	0.000699196 	4.49149e-05 	2
1319.0 	0.00068511 	4.43302e-05 	2
1320.0 	0.000709982 	4.46762e-05 	2
1321.0 	0.000677929 	4.44582e-05 	2
1322.0 	0.000703954 	4.43806e-05 	2
1323.0 	0.000673107 	4.44895e-05 	2
1324.0 	0.000701964 	4.48235e-05 	2
1325.0 	0.0006861 	4.41142e-05 	2
1326.0 	0.000710543 	4.43455e-05 	2
1327.0 	0.000679406 	4.42503e-05 	2
1328.0 	0.000704679 	4.42458e-05 	2
1329.0 	0.000673228 	4.41557e-05 	2
1330.0 	0.000702604 	4.44295e-05 	2
1331.0 	0.000684363 	4.39819e-05 	2
1332.0 	0.000709726 	4.42789e-05 	2
1333.0 	0.000679064 	4.40704e-05 	2
1334.0 	0.000705509 	4.40897e-05 	2
1335.0 	0.000673662 	4.41143e-05 	2
1336.0 	0.000704172 	4.42857e-05 	2
1337.0 	0.000683179 	4.37527e-05 	2
1338.0 	0.000709941 	4.40052e-05 	2
1339.0 	0.000679279 	4.38787e-05 	2
1340.0 	0.000702843 	4.38369e-05 	2
1341.0 	0.000672352 	4.38313e-05 	2
1342.0 	0.000699286 	4.40765e-05 	2
1343.0 	0.0006816 	4.37143e-05 	2
1344.0 	0.00071016 	4.40122e-05 	2
1345.0 	0.000680779 	4.36881e-05 	2
1346.0 	0.000709027 	4.36681e-05 	2
1347.0 	0.00067459 	4.36946e-05 	2
1348.0 	0.000702987 	4.38574e-05 	2
1349.0 	0.000680966 	4.34559e-05 	2
1350.0 	0.000707058 	4.37263e-05 	2
1351.0 	0.000679878 	4.34991e-05 	2
1352.0 	0.000704395 	4.34718e-05 	2
1353.0 	0.000673742 	4.34846e-05 	2
1354.0 	0.000702337 	4.37405e-05 	2
1355.0 	0.000681672 	4.33014e-05 	2
1356.0 	0.000710445 	4.34517e-05 	2
1357.0 	0.00067944 	4.31958e-05 	2
1358.0 	0.000703998 	4.32938e-05 	2
1359.0 	0.000672877 	4.32342e-05 	2
1360.0 	0.000701283 	4.34928e-05 	2
1361.0 	0.000679869 	4.30279e-05 	2
1362.0 	0.000708923 	4.32723e-05 	2
1363.0 	0.000679159 	4.30996e-05 	2
1364.0 	0.00070646 	4.31548e-05 	2
1365.0 	0.000673602 	4.30969e-05 	2
1366.0 	0.000704686 	4.32769e-05 	2
1367.0 	0.00067993 	4.29096e-05 	2
1368.0 	0.000707147 	4.3046e-05 	2
1369.0 	0.000676325 	4.28391e-05 	2
1370.0 	0.000700322 	4.29536e-05 	2
1371.0 	0.000672012 	4.29049e-05 	2
1372.0 	0.000699029 	4.31626e-05 	2
1373.0 	0.000678305 	4.27482e-05 	2
1374.0 	0.000707974 	4.29988e-05 	2
1375.0 	0.000676993 	4.28385e-05 	2
1376.0 	0.000707106 	4.28022e-05 	2
1377.0 	0.00067181 	4.2773e-05 	2
1378.0 	0.000703134 	4.29707e-05 	2
1379.0 	0.00067864 	4.26067e-05 	2
1380.0 	0.000705991 	4.28229e-05 	2
1381.0 	0.000678436 	4.26306e-05 	2
1382.0 	0.00070326 	4.27914e-05 	2
1383.0 	0.000674356 	4.27608e-05 	2
1384.0 	0.000704797 	4.30024e-05 	2
1385.0 	0.0006836 	4.26475e-05 	2
1386.0 	0.00071618 	4.27618e-05 	2
1387.0 	0.000681582 	4.25967e-05 	2
1388.0 	0.000710072 	4.25514e-05 	2
1389.0 	0.000673533 	4.25393e-05 	2
1390.0 	0.000702798 	4.28085e-05 	2
1391.0 	0.000682029 	4.24491e-05 	2
1392.0 	0.000711836 	4.28269e-05 	2
1393.0 	0.000682477 	4.25537e-05 	2
1394.0 	0.000715557 	4.24363e-05 	2
1395.0 	0.000676486 	4.25926e-05 	2
1396.0 	0.000709843 	4.26633e-05 	2
1397.0 	0.000682943 	4.22376e-05 	2
1398.0 	0.000710632 	4.25245e-05 	2
1399.0 	0.000680208 	4.22002e-05 	2
1400.0 	0.000708762 	4.22273e-05 	2
1401.0 	0.000673286 	4.21741e-05 	2
1402.0 	0.000705078 	4.23235e-05 	2
1403.0 	0.000677442 	4.20341e-05 	2
1404.0 	0.000709613 	4.22294e-05 	2
1405.0 	0.00067705 	4.19608e-05 	2
1406.0 	0.000708603 	4.19507e-05 	2
1407.0 	0.000671449 	4.19458e-05 	2
1408.0 	0.000702982 	4.20395e-05 	2
1409.0 	0.000676425 	4.17073e-05 	2
1410.0 	0.00070496 	4.19531e-05 	2
1411.0 	0.000674876 	4.18055e-05 	2
1412.0 	0.00070231 	4.18655e-05 	2
1413.0 	0.0006706 	4.17333e-05 	2
1414.0 	0.000702735 	4.1958e-05 	2
1415.0 	0.000676018 	4.17308e-05 	2
1416.0 	0.000709897 	4.18704e-05 	2
1417.0 	0.000676548 	4.16545e-05 	2
1418.0 	0.000707257 	4.17585e-05 	2
1419.0 	0.000673571 	4.17662e-05 	2
1420.0 	0.000705215 	4.18808e-05 	2
1421.0 	0.000678325 	4.16209e-05 	2
1422.0 	0.000709013 	4.19087e-05 	2
1423.0 	0.000678392 	4.17549e-05 	2
1424.0 	0.000711112 	4.18271e-05 	2
1425.0 	0.000677597 	4.1734e-05 	2
1426.0 	0.000713274 	4.19362e-05 	2
1427.0 	0.000681623 	4.16609e-05 	2
1428.0 	0.000715754 	4.17914e-05 	2
1429.0 	0.000678123 	4.16779e-05 	2
1430.0 	0.000710784 	4.17533e-05 	2
1431.0 	0.000678182 	4.16898e-05 	2
1432.0 	0.00071194 	4.18948e-05 	2
1433.0 	0.000684439 	4.16269e-05 	2
1434.0 	0.00071947 	4.17493e-05 	2
1435.0 	0.000682654 	4.16343e-05 	2
1436.0 	0.000716592 	4.1559e-05 	2
1437.0 	0.000679483 	4.15567e-05 	2
1438.0 	0.000712208 	4.16645e-05 	2
1439.0 	0.000684777 	4.14524e-05 	2
1440.0 	0.000715241 	4.16671e-05 	2
1441.0 	0.000684855 	4.13698e-05 	2
1442.0 	0.000715333 	4.14861e-05 	2
1443.0 	0.000681229 	4.14042e-05 	2
1444.0 	0.000715711 	4.15867e-05 	2
1445.0 	0.000684367 	4.13461e-05 	2
1446.0 	0.000719772 	4.13642e-05 	2
1447.0 	0.000683537 	4.12405e-05 	2
1448.0 	0.000713456 	4.12056e-05 	2
1449.0 	0.000679352 	4.11948e-05 	2
1450.0 	0.000709427 	4.12995e-05 	2
1451.0 	0.000682215 	4.11451e-05 	2
1452.0 	0.000714429 	4.13357e-05 	2
1453.0 	0.000681751 	4.10403e-05 	2
1454.0 	0.000712514 	4.11459e-05 	2
1455.0 	0.000676673 	4.1075e-05 	2
1456.0 	0.000713194 	4.12362e-05 	2
1457.0 	0.00068141 	4.09622e-05 	2
1458.0 	0.000717883 	4.10166e-05 	2
1459.0 	0.000678987 	4.08979e-05 	2
1460.0 	0.000711077 	4.09707e-05 	2
1461.0 	0.000676885 	4.09243e-05 	2
1462.0 	0.000709678 	4.11687e-05 	2
1463.0 	0.000682998 	4.09733e-05 	2
1464.0 	0.000721165 	4.11447e-05 	2
1465.0 	0.000685348 	4.09228e-05 	2
1466.0 	0.000719768 	4.09098e-05 	2
1467.0 	0.000678948 	4.09225e-05 	2
1468.0 	0.000714726 	4.10514e-05 	2
1469.0 	0.000683438 	4.08124e-05 	2
1470.0 	0.000717483 	4.1007e-05 	2
1471.0 	0.000682224 	4.09063e-05 	2
1472.0 	0.000716572 	4.08639e-05 	2
1473.0 	0.000681458 	4.08568e-05 	2
1474.0 	0.000716575 	4.10553e-05 	2
1475.0 	0.000686547 	4.08965e-05 	2
1476.0 	0.000725121 	4.1079e-05 	2
1477.0 	0.000687806 	4.08416e-05 	2
1478.0 	0.000720098 	4.08092e-05 	2
1479.0 	0.000681018 	4.09339e-05 	2
1480.0 	0.000717264 	4.10974e-05 	2
1481.0 	0.000689535 	4.06383e-05 	2
1482.0 	0.000722824 	4.09436e-05 	2
1483.0 	0.000686232 	4.08128e-05 	2
1484.0 	0.000722248 	4.08207e-05 	2
1485.0 	0.000683593 	4.08211e-05 	2
1486.0 	0.00072237 	4.08884e-05 	2
1487.0 	0.000688937 	4.07566e-05 	2
1488.0 	0.00072505 	4.08006e-05 	2
1489.0 	0.00068861 	4.05848e-05 	2
1490.0 	0.000717471 	4.05938e-05 	2
1491.0 	0.000681787 	4.06327e-05 	2
1492.0 	0.000716059 	4.08311e-05 	2
1493.0 	0.000688768 	4.05479e-05 	2
1494.0 	0.000723343 	4.07316e-05 	2
1495.0 	0.00068884 	4.05922e-05 	2
1496.0 	0.000723389 	4.05683e-05 	2
1497.0 	0.000685686 	4.05788e-05 	2
1498.0 	0.000722226 	4.06234e-05 	2
1499.0 	0.00069011 	4.04135e-05 	2
1500.0 	0.000724607 	4.0574e-05 	2
1501.0 	0.00068559 	4.04246e-05 	2
1502.0 	0.000717657 	4.03917e-05 	2
1503.0 	0.000679914 	4.04073e-05 	2
1504.0 	0.000716537 	4.07094e-05 	2
1505.0 	0.000689109 	4.03291e-05 	2
1506.0 	0.000727534 	4.04987e-05 	2
1507.0 	0.000688304 	4.03801e-05 	2
1508.0 	0.000722236 	4.01656e-05 	2
1509.0 	0.000679983 	4.03671e-05 	2
1510.0 	0.000716579 	4.04778e-05 	2
1511.0 	0.000689034 	4.01063e-05 	2
1512.0 	0.000721692 	4.03844e-05 	2
1513.0 	0.000686107 	4.02566e-05 	2
1514.0 	0.000719757 	4.01949e-05 	2
1515.0 	0.000681722 	4.02197e-05 	2
1516.0 	0.000719646 	4.0334e-05 	2
1517.0 	0.00068618 	4.00965e-05 	2
1518.0 	0.000722451 	4.01961e-05 	2
1519.0 	0.000684106 	4.00965e-05 	2
1520.0 	0.00071594 	4.00906e-05 	2
1521.0 	0.000679783 	4.00977e-05 	2
1522.0 	0.000716767 	4.03019e-05 	2
1523.0 	0.000688175 	4.00594e-05 	2
1524.0 	0.000724993 	4.02092e-05 	2
1525.0 	0.000687231 	4.00997e-05 	2
1526.0 	0.000720745 	4.00326e-05 	2
1527.0 	0.000681426 	4.00423e-05 	2
1528.0 	0.000716941 	4.02246e-05 	2
1529.0 	0.000685758 	3.98747e-05 	2
1530.0 	0.000724398 	4.00932e-05 	2
1531.0 	0.000683788 	4.01457e-05 	2
1532.0 	0.000721472 	3.99737e-05 	2
1533.0 	0.000682025 	4.0012e-05 	2
1534.0 	0.000718112 	4.02699e-05 	2
1535.0 	0.000690141 	3.99155e-05 	2
1536.0 	0.000726994 	4.02047e-05 	2
1537.0 	0.000688385 	4.00674e-05 	2
1538.0 	0.00072394 	3.98256e-05 	2
1539.0 	0.000680604 	4.00103e-05 	2
1540.0 	0.000718041 	4.02099e-05 	2
1541.0 	0.000689767 	3.97947e-05 	2
1542.0 	0.000725137 	4.00766e-05 	2
1543.0 	0.000686545 	4.00239e-05 	2
1544.0 	0.000721697 	3.99848e-05 	2
1545.0 	0.000684528 	4.00038e-05 	2
1546.0 	0.000722961 	4.00257e-05 	2
1547.0 	0.000690434 	3.98198e-05 	2
1548.0 	0.000725451 	3.99366e-05 	2
1549.0 	0.000688842 	3.98814e-05 	2
1550.0 	0.000719514 	3.97229e-05 	2
1551.0 	0.000683753 	3.98246e-05 	2
1552.0 	0.000716164 	4.01071e-05 	2
1553.0 	0.000693596 	3.96979e-05 	2
1554.0 	0.000727449 	3.98654e-05 	2
1555.0 	0.000690941 	3.98335e-05 	2
1556.0 	0.000722812 	3.95984e-05 	2
1557.0 	0.000684562 	3.96588e-05 	2
1558.0 	0.000716915 	3.97839e-05 	2
1559.0 	0.000690507 	3.95499e-05 	2
1560.0 	0.000722661 	3.97685e-05 	2
1561.0 	0.000689385 	3.97e-05 	2
1562.0 	0.000720367 	3.95398e-05 	2
1563.0 	0.000684024 	3.96474e-05 	2
1564.0 	0.000719706 	3.97786e-05 	2
1565.0 	0.000691993 	3.9443e-05 	2
1566.0 	0.000724582 	3.95059e-05 	2
1567.0 	0.000684841 	3.94746e-05 	2
1568.0 	0.000717685 	3.93703e-05 	2
1569.0 	0.000680411 	3.94366e-05 	2
1570.0 	0.000716482 	3.95863e-05 	2
1571.0 	0.00068845 	3.92869e-05 	2
1572.0 	0.000723698 	3.94827e-05 	2
1573.0 	0.000685883 	3.94097e-05 	2
1574.0 	0.000719652 	3.93042e-05 	2
1575.0 	0.000681101 	3.94264e-05 	2
1576.0 	0.000718802 	3.94642e-05 	2
1577.0 	0.000688537 	3.91988e-05 	2
1578.0 	0.000724103 	3.92646e-05 	2
1579.0 	0.000683668 	3.93203e-05 	2
1580.0 	0.000715646 	3.92578e-05 	2
1581.0 	0.000681473 	3.92586e-05 	2
1582.0 	0.000717188 	3.95355e-05 	2
1583.0 	0.000689121 	3.9207e-05 	2
1584.0 	0.000726939 	3.9363e-05 	2
1585.0 	0.00068643 	3.93542e-05 	2
1586.0 	0.00072253 	3.9165e-05 	2
1587.0 	0.000682392 	3.93227e-05 	2
1588.0 	0.000719418 	3.94522e-05 	2
1589.0 	0.000690739 	3.91197e-05 	2
1590.0 	0.000723269 	3.92852e-05 	2
1591.0 	0.000685517 	3.92411e-05 	2
1592.0 	0.000718965 	3.9291e-05 	2
1593.0 	0.000684846 	3.92768e-05 	2
1594.0 	0.000721895 	3.94186e-05 	2
1595.0 	0.000690495 	3.9186e-05 	2
1596.0 	0.000729464 	3.92861e-05 	2
1597.0 	0.000689115 	3.92412e-05 	2
1598.0 	0.000722369 	3.92086e-05 	2
1599.0 	0.000685589 	3.92693e-05 	2
1600.0 	0.00072182 	3.93447e-05 	2
1601.0 	0.000690989 	3.91222e-05 	2
1602.0 	0.000729104 	3.92016e-05 	2
1603.0 	0.000689669 	3.92341e-05 	2
1604.0 	0.000723854 	3.92009e-05 	2
1605.0 	0.000689074 	3.91603e-05 	2
1606.0 	0.000725341 	3.93232e-05 	2
1607.0 	0.000694008 	3.9043e-05 	2
1608.0 	0.000729674 	3.91468e-05 	2
1609.0 	0.000690851 	3.91474e-05 	2
1610.0 	0.000724397 	3.90226e-05 	2
1611.0 	0.000687518 	3.91051e-05 	2
1612.0 	0.000723974 	3.92176e-05 	2
1613.0 	0.000694246 	3.89388e-05 	2
1614.0 	0.000730343 	3.90335e-05 	2
1615.0 	0.000689755 	3.90774e-05 	2
1616.0 	0.000725015 	3.89451e-05 	2
1617.0 	0.000688298 	3.8999e-05 	2
1618.0 	0.00072558 	3.91322e-05 	2
1619.0 	0.000694993 	3.88747e-05 	2
1620.0 	0.000731678 	3.90234e-05 	2
1621.0 	0.000691741 	3.89841e-05 	2
1622.0 	0.00072587 	3.87648e-05 	2
1623.0 	0.000686313 	3.88895e-05 	2
1624.0 	0.000721387 	3.89694e-05 	2
1625.0 	0.000692424 	3.87101e-05 	2
1626.0 	0.00072825 	3.88414e-05 	2
1627.0 	0.000689968 	3.87734e-05 	2
1628.0 	0.000724078 	3.87879e-05 	2
1629.0 	0.000687568 	3.87331e-05 	2
1630.0 	0.00072344 	3.88518e-05 	2
1631.0 	0.000690995 	3.86519e-05 	2
1632.0 	0.000728364 	3.87573e-05 	2
1633.0 	0.000689076 	3.87356e-05 	2
1634.0 	0.000723568 	3.85985e-05 	2
1635.0 	0.000683906 	3.87466e-05 	2
1636.0 	0.000723122 	3.88675e-05 	2
1637.0 	0.000692776 	3.85231e-05 	2
1638.0 	0.000727811 	3.87377e-05 	2
1639.0 	0.000689515 	3.86892e-05 	2
1640.0 	0.000724631 	3.86497e-05 	2
1641.0 	0.000686276 	3.87406e-05 	2
1642.0 	0.000725788 	3.88092e-05 	2
1643.0 	0.000694325 	3.85713e-05 	2
1644.0 	0.000730728 	3.87099e-05 	2
1645.0 	0.000690789 	3.87117e-05 	2
1646.0 	0.000725807 	3.86187e-05 	2
1647.0 	0.000687536 	3.86859e-05 	2
1648.0 	0.000724912 	3.88583e-05 	2
1649.0 	0.00069484 	3.85677e-05 	2
1650.0 	0.000733644 	3.87057e-05 	2
1651.0 	0.00069255 	3.87106e-05 	2
1652.0 	0.000728535 	3.86593e-05 	2
1653.0 	0.000690406 	3.86712e-05 	2
1654.0 	0.000726969 	3.88302e-05 	2
1655.0 	0.000695407 	3.85385e-05 	2
1656.0 	0.000732542 	3.86957e-05 	2
1657.0 	0.000691836 	3.86859e-05 	2
1658.0 	0.000728592 	3.8569e-05 	2
1659.0 	0.000687716 	3.86045e-05 	2
1660.0 	0.000724772 	3.87531e-05 	2
1661.0 	0.000693773 	3.84664e-05 	2
1662.0 	0.000732859 	3.86382e-05 	2
1663.0 	0.000692701 	3.85336e-05 	2
1664.0 	0.000728646 	3.85125e-05 	2
1665.0 	0.000688911 	3.85278e-05 	2
1666.0 	0.000726758 	3.85854e-05 	2
1667.0 	0.000694092 	3.83495e-05 	2
1668.0 	0.000733009 	3.85184e-05 	2
1669.0 	0.000691417 	3.84613e-05 	2
1670.0 	0.000728544 	3.82686e-05 	2
1671.0 	0.000686618 	3.84682e-05 	2
1672.0 	0.000724089 	3.85985e-05 	2
1673.0 	0.00069502 	3.81954e-05 	2
1674.0 	0.000732847 	3.83179e-05 	2
1675.0 	0.000690159 	3.83239e-05 	2
1676.0 	0.000726069 	3.83135e-05 	2
1677.0 	0.000686196 	3.8323e-05 	2
1678.0 	0.000724086 	3.84431e-05 	2
1679.0 	0.000691433 	3.81591e-05 	2
1680.0 	0.000731394 	3.83324e-05 	2
1681.0 	0.000689514 	3.81753e-05 	2
1682.0 	0.00072735 	3.80001e-05 	2
1683.0 	0.000682367 	3.82342e-05 	2
1684.0 	0.00072097 	3.82016e-05 	2
1685.0 	0.000689306 	3.79419e-05 	2
1686.0 	0.000724396 	3.82564e-05 	2
1687.0 	0.000688509 	3.80164e-05 	2
1688.0 	0.000723958 	3.80616e-05 	2
1689.0 	0.000682535 	3.82336e-05 	2
1690.0 	0.000724915 	3.81927e-05 	2
1691.0 	0.000688612 	3.79885e-05 	2
1692.0 	0.00072966 	3.81555e-05 	2
1693.0 	0.000689238 	3.81127e-05 	2
1694.0 	0.000724075 	3.80008e-05 	2
1695.0 	0.000683639 	3.81685e-05 	2
1696.0 	0.000721459 	3.82258e-05 	2
1697.0 	0.000689967 	3.79645e-05 	2
1698.0 	0.000730907 	3.82509e-05 	2
1699.0 	0.000692363 	3.81395e-05 	2
1700.0 	0.000729618 	3.81306e-05 	2
1701.0 	0.000687504 	3.81991e-05 	2
1702.0 	0.00072617 	3.82553e-05 	2
1703.0 	0.00069293 	3.80264e-05 	2
1704.0 	0.000731623 	3.82376e-05 	2
1705.0 	0.000694393 	3.81451e-05 	2
1706.0 	0.000730952 	3.80598e-05 	2
1707.0 	0.000687525 	3.82231e-05 	2
1708.0 	0.000728244 	3.83155e-05 	2
1709.0 	0.000695412 	3.80293e-05 	2
1710.0 	0.000734453 	3.82922e-05 	2
1711.0 	0.000695913 	3.80696e-05 	2
1712.0 	0.000732872 	3.79722e-05 	2
1713.0 	0.000687752 	3.81951e-05 	2
1714.0 	0.000728823 	3.82107e-05 	2
1715.0 	0.000695301 	3.79039e-05 	2
1716.0 	0.000732971 	3.81764e-05 	2
1717.0 	0.000694197 	3.79528e-05 	2
1718.0 	0.000731379 	3.79065e-05 	2
1719.0 	0.000686854 	3.80881e-05 	2
1720.0 	0.000727779 	3.80576e-05 	2
1721.0 	0.000692993 	3.77383e-05 	2
1722.0 	0.000732064 	3.79574e-05 	2
1723.0 	0.000691796 	3.78136e-05 	2
1724.0 	0.000728729 	3.77908e-05 	2
1725.0 	0.000684892 	3.78584e-05 	2
1726.0 	0.00072504 	3.79234e-05 	2
1727.0 	0.000691521 	3.76342e-05 	2
1728.0 	0.000730907 	3.7972e-05 	2
1729.0 	0.000691317 	3.77744e-05 	2
1730.0 	0.000732315 	3.75328e-05 	2
1731.0 	0.00068234 	3.7763e-05 	2
1732.0 	0.000723648 	3.78567e-05 	2
1733.0 	0.000690269 	3.74856e-05 	2
1734.0 	0.000728745 	3.77124e-05 	2
1735.0 	0.000685554 	3.76541e-05 	2
1736.0 	0.00072523 	3.75384e-05 	2
1737.0 	0.000680753 	3.7699e-05 	2
1738.0 	0.000721845 	3.77336e-05 	2
1739.0 	0.000688841 	3.74674e-05 	2
1740.0 	0.000728247 	3.78028e-05 	2
1741.0 	0.000689964 	3.75845e-05 	2
1742.0 	0.000728522 	3.74913e-05 	2
1743.0 	0.000680444 	3.76169e-05 	2
1744.0 	0.000721495 	3.76643e-05 	2
1745.0 	0.000687085 	3.74253e-05 	2
1746.0 	0.000727601 	3.76951e-05 	2
1747.0 	0.000688774 	3.75358e-05 	2
1748.0 	0.00072581 	3.74621e-05 	2
1749.0 	0.000681124 	3.7567e-05 	2
1750.0 	0.000720688 	3.76645e-05 	2
1751.0 	0.000688042 	3.743e-05 	2
1752.0 	0.00072941 	3.76721e-05 	2
1753.0 	0.000688467 	3.75924e-05 	2
1754.0 	0.000728478 	3.75049e-05 	2
1755.0 	0.000683606 	3.75675e-05 	2
1756.0 	0.000723018 	3.76308e-05 	2
1757.0 	0.0006879 	3.73751e-05 	2
1758.0 	0.000726974 	3.76784e-05 	2
1759.0 	0.000688104 	3.75211e-05 	2
1760.0 	0.000726621 	3.74076e-05 	2
1761.0 	0.000682945 	3.75532e-05 	2
1762.0 	0.000723322 	3.76758e-05 	2
1763.0 	0.000690563 	3.73609e-05 	2
1764.0 	0.000729592 	3.76117e-05 	2
1765.0 	0.000690025 	3.75651e-05 	2
1766.0 	0.000728316 	3.7464e-05 	2
1767.0 	0.000684428 	3.74733e-05 	2
1768.0 	0.000723021 	3.76442e-05 	2
1769.0 	0.000689117 	3.73158e-05 	2
1770.0 	0.000730755 	3.74729e-05 	2
1771.0 	0.000688193 	3.74005e-05 	2
1772.0 	0.000727525 	3.72464e-05 	2
1773.0 	0.000682018 	3.73444e-05 	2
1774.0 	0.000719779 	3.74993e-05 	2
1775.0 	0.000689753 	3.71767e-05 	2
1776.0 	0.000727519 	3.75369e-05 	2
1777.0 	0.000690743 	3.73744e-05 	2
1778.0 	0.000730246 	3.71786e-05 	2
1779.0 	0.000682287 	3.73068e-05 	2
1780.0 	0.000720469 	3.727e-05 	2
1781.0 	0.000686201 	3.70502e-05 	2
1782.0 	0.000724725 	3.73053e-05 	2
1783.0 	0.000686807 	3.71722e-05 	2
1784.0 	0.000722299 	3.708e-05 	2
1785.0 	0.000679905 	3.72341e-05 	2
1786.0 	0.000719547 	3.7407e-05 	2
1787.0 	0.000689491 	3.6974e-05 	2
1788.0 	0.000727719 	3.71897e-05 	2
1789.0 	0.000683959 	3.71403e-05 	2
1790.0 	0.000724358 	3.69201e-05 	2
1791.0 	0.000677153 	3.71726e-05 	2
1792.0 	0.000717244 	3.72062e-05 	2
1793.0 	0.000687197 	3.68799e-05 	2
1794.0 	0.000722576 	3.71877e-05 	2
1795.0 	0.000685747 	3.70414e-05 	2
1796.0 	0.000722101 	3.69963e-05 	2
1797.0 	0.000677866 	3.7044e-05 	2
1798.0 	0.000718811 	3.71505e-05 	2
1799.0 	0.000686048 	3.6842e-05 	2
1800.0 	0.000724496 	3.70916e-05 	2
1801.0 	0.00068457 	3.70245e-05 	2
1802.0 	0.000722784 	3.68759e-05 	2
1803.0 	0.000678484 	3.7059e-05 	2
1804.0 	0.000717096 	3.7086e-05 	2
1805.0 	0.000685358 	3.67642e-05 	2
1806.0 	0.000722035 	3.71356e-05 	2
1807.0 	0.000683818 	3.69365e-05 	2
1808.0 	0.000721805 	3.68234e-05 	2
1809.0 	0.00067598 	3.69998e-05 	2
1810.0 	0.000716316 	3.70273e-05 	2
1811.0 	0.00068448 	3.67417e-05 	2
1812.0 	0.000722383 	3.70444e-05 	2
1813.0 	0.00068429 	3.70062e-05 	2
1814.0 	0.000721214 	3.6827e-05 	2
1815.0 	0.00067802 	3.69866e-05 	2
1816.0 	0.000716574 	3.70364e-05 	2
1817.0 	0.000686461 	3.67609e-05 	2
1818.0 	0.000723489 	3.70652e-05 	2
1819.0 	0.000685417 	3.69205e-05 	2
1820.0 	0.000722428 	3.68042e-05 	2
1821.0 	0.000678292 	3.69474e-05 	2
1822.0 	0.000717987 	3.70191e-05 	2
1823.0 	0.000687756 	3.67616e-05 	2
1824.0 	0.000723663 	3.70676e-05 	2
1825.0 	0.000687731 	3.69262e-05 	2
1826.0 	0.000725083 	3.67184e-05 	2
1827.0 	0.00067886 	3.68787e-05 	2
1828.0 	0.000718009 	3.69178e-05 	2
1829.0 	0.000684862 	3.66121e-05 	2
1830.0 	0.000721736 	3.68587e-05 	2
1831.0 	0.000682552 	3.67932e-05 	2
1832.0 	0.000722181 	3.66235e-05 	2
1833.0 	0.000677274 	3.68216e-05 	2
1834.0 	0.000717893 	3.68127e-05 	2
1835.0 	0.000685857 	3.6566e-05 	2
1836.0 	0.000722098 	3.67622e-05 	2
1837.0 	0.000683813 	3.6606e-05 	2
1838.0 	0.000718019 	3.64957e-05 	2
1839.0 	0.000672817 	3.66125e-05 	2
1840.0 	0.000713225 	3.66368e-05 	2
1841.0 	0.000679327 	3.63428e-05 	2
1842.0 	0.00071882 	3.66041e-05 	2
1843.0 	0.000679441 	3.64983e-05 	2
1844.0 	0.000718758 	3.64401e-05 	2
1845.0 	0.000674048 	3.65034e-05 	2
1846.0 	0.000713635 	3.66218e-05 	2
1847.0 	0.000681194 	3.63257e-05 	2
1848.0 	0.000719799 	3.64943e-05 	2
1849.0 	0.000678792 	3.64652e-05 	2
1850.0 	0.000716491 	3.62791e-05 	2
1851.0 	0.000673515 	3.64958e-05 	2
1852.0 	0.000711284 	3.65335e-05 	2
1853.0 	0.000681829 	3.61885e-05 	2
1854.0 	0.000718768 	3.65226e-05 	2
1855.0 	0.000678625 	3.64269e-05 	2
1856.0 	0.000717911 	3.62416e-05 	2
1857.0 	0.000671212 	3.64774e-05 	2
1858.0 	0.000711099 	3.64181e-05 	2
1859.0 	0.000678502 	3.6225e-05 	2
1860.0 	0.000715844 	3.64274e-05 	2
1861.0 	0.000678339 	3.62995e-05 	2
1862.0 	0.0007138 	3.62677e-05 	2
1863.0 	0.000670215 	3.63542e-05 	2
1864.0 	0.000709995 	3.6371e-05 	2
1865.0 	0.000675951 	3.61259e-05 	2
1866.0 	0.000715728 	3.64554e-05 	2
1867.0 	0.000676822 	3.63026e-05 	2
1868.0 	0.00071483 	3.61478e-05 	2
1869.0 	0.000669727 	3.62947e-05 	2
1870.0 	0.000707343 	3.64067e-05 	2
1871.0 	0.000677255 	3.61334e-05 	2
1872.0 	0.00071534 	3.64359e-05 	2
1873.0 	0.000678567 	3.63338e-05 	2
1874.0 	0.000717611 	3.61538e-05 	2
1875.0 	0.000671977 	3.63477e-05 	2
1876.0 	0.000711465 	3.62946e-05 	2
1877.0 	0.000678437 	3.61003e-05 	2
1878.0 	0.000715734 	3.63277e-05 	2
1879.0 	0.000676385 	3.62265e-05 	2
1880.0 	0.000713945 	3.61459e-05 	2
1881.0 	0.000671095 	3.63055e-05 	2
1882.0 	0.000711812 	3.63372e-05 	2
1883.0 	0.000678751 	3.61381e-05 	2
1884.0 	0.000718595 	3.62833e-05 	2
1885.0 	0.000678771 	3.62223e-05 	2
1886.0 	0.000715303 	3.61024e-05 	2
1887.0 	0.000673362 	3.62054e-05 	2
1888.0 	0.000709819 	3.62137e-05 	2
1889.0 	0.000678157 	3.5948e-05 	2
1890.0 	0.000715932 	3.62738e-05 	2
1891.0 	0.000678927 	3.61857e-05 	2
1892.0 	0.000716889 	3.59461e-05 	2
1893.0 	0.000669873 	3.60256e-05 	2
1894.0 	0.000707076 	3.6024e-05 	2
1895.0 	0.00067457 	3.58641e-05 	2
1896.0 	0.000712675 	3.60679e-05 	2
1897.0 	0.000675448 	3.58922e-05 	2
1898.0 	0.000710396 	3.57938e-05 	2
1899.0 	0.000667677 	3.59023e-05 	2
1900.0 	0.000706121 	3.59626e-05 	2
1901.0 	0.000674474 	3.56652e-05 	2
1902.0 	0.000712272 	3.59535e-05 	2
1903.0 	0.000672683 	3.585e-05 	2
1904.0 	0.00071112 	3.5665e-05 	2
1905.0 	0.000665259 	3.58392e-05 	2
1906.0 	0.000704696 	3.58818e-05 	2
1907.0 	0.000674374 	3.5642e-05 	2
1908.0 	0.000712631 	3.58797e-05 	2
1909.0 	0.000672154 	3.57593e-05 	2
1910.0 	0.000710819 	3.55941e-05 	2
1911.0 	0.00066405 	3.58081e-05 	2
1912.0 	0.000705145 	3.58542e-05 	2
1913.0 	0.000672254 	3.55452e-05 	2
1914.0 	0.000710479 	3.58932e-05 	2
1915.0 	0.000671473 	3.56963e-05 	2
1916.0 	0.000709501 	3.55339e-05 	2
1917.0 	0.000661951 	3.57804e-05 	2
1918.0 	0.000702395 	3.5731e-05 	2
1919.0 	0.000669725 	3.54777e-05 	2
1920.0 	0.000706929 	3.57974e-05 	2
1921.0 	0.000669795 	3.56764e-05 	2
1922.0 	0.000708046 	3.5579e-05 	2
1923.0 	0.000664035 	3.56875e-05 	2
1924.0 	0.000704233 	3.57526e-05 	2
1925.0 	0.000670916 	3.54955e-05 	2
1926.0 	0.000709963 	3.57481e-05 	2
1927.0 	0.000670037 	3.56656e-05 	2
1928.0 	0.000706804 	3.54692e-05 	2
1929.0 	0.000661517 	3.56735e-05 	2
1930.0 	0.000700103 	3.56835e-05 	2
1931.0 	0.000670683 	3.54664e-05 	2
1932.0 	0.000708028 	3.57793e-05 	2
1933.0 	0.000672779 	3.5687e-05 	2
1934.0 	0.000710969 	3.55184e-05 	2
1935.0 	0.000665721 	3.57156e-05 	2
1936.0 	0.000705051 	3.56928e-05 	2
1937.0 	0.000672493 	3.54602e-05 	2
1938.0 	0.000708864 	3.58131e-05 	2
1939.0 	0.000673925 	3.56745e-05 	2
1940.0 	0.000710277 	3.54997e-05 	2
1941.0 	0.000665521 	3.56697e-05 	2
1942.0 	0.000702901 	3.55734e-05 	2
1943.0 	0.000670943 	3.54284e-05 	2
1944.0 	0.000707915 	3.56924e-05 	2
1945.0 	0.000672974 	3.54898e-05 	2
1946.0 	0.000706405 	3.53978e-05 	2
1947.0 	0.000664511 	3.55e-05 	2
1948.0 	0.000701879 	3.54584e-05 	2
1949.0 	0.000668353 	3.52083e-05 	2
1950.0 	0.000707887 	3.55264e-05 	2
1951.0 	0.000668753 	3.54085e-05 	2
1952.0 	0.000707618 	3.51368e-05 	2
1953.0 	0.00066097 	3.53774e-05 	2
1954.0 	0.000699159 	3.52822e-05 	2
1955.0 	0.000668007 	3.50371e-05 	2
1956.0 	0.000703389 	3.53376e-05 	2
1957.0 	0.000667384 	3.51313e-05 	2
1958.0 	0.000703176 	3.50484e-05 	2
1959.0 	0.000658052 	3.53254e-05 	2
1960.0 	0.000700209 	3.52083e-05 	2
1961.0 	0.000666188 	3.49866e-05 	2
1962.0 	0.00070346 	3.52858e-05 	2
1963.0 	0.00066595 	3.50865e-05 	2
1964.0 	0.00070159 	3.49393e-05 	2
1965.0 	0.000655806 	3.51129e-05 	2
1966.0 	0.000694767 	3.50881e-05 	2
1967.0 	0.00066144 	3.49228e-05 	2
1968.0 	0.000699312 	3.52178e-05 	2
1969.0 	0.000663548 	3.5086e-05 	2
1970.0 	0.000701924 	3.49998e-05 	2
1971.0 	0.000657349 	3.51312e-05 	2
1972.0 	0.000697874 	3.50516e-05 	2
1973.0 	0.00066347 	3.48613e-05 	2
1974.0 	0.000699973 	3.51563e-05 	2
1975.0 	0.000662666 	3.50863e-05 	2
1976.0 	0.000700158 	3.48985e-05 	2
1977.0 	0.000656204 	3.50554e-05 	2
1978.0 	0.000693509 	3.51114e-05 	2
1979.0 	0.000665567 	3.49185e-05 	2
1980.0 	0.000702801 	3.52156e-05 	2
1981.0 	0.000664984 	3.50189e-05 	2
1982.0 	0.000701631 	3.48539e-05 	2
1983.0 	0.000654815 	3.51701e-05 	2
1984.0 	0.000695091 	3.50755e-05 	2
1985.0 	0.000664585 	3.48601e-05 	2
1986.0 	0.000700827 	3.52431e-05 	2
1987.0 	0.000667271 	3.49494e-05 	2
1988.0 	0.00070275 	3.48734e-05 	2
1989.0 	0.000655504 	3.51218e-05 	2
1990.0 	0.000696497 	3.49964e-05 	2
1991.0 	0.000663244 	3.48679e-05 	2
1992.0 	0.000700983 	3.51334e-05 	2
1993.0 	0.000665573 	3.49964e-05 	2
1994.0 	0.000700599 	3.48656e-05 	2
1995.0 	0.000657866 	3.50484e-05 	2
1996.0 	0.000696086 	3.49941e-05 	2
1997.0 	0.000663941 	3.4722e-05 	2
1998.0 	0.000700831 	3.50122e-05 	2
1999.0 	0.000662971 	3.4945e-05 	2
2000.0 	0.000702633 	3.47013e-05 	2
